#! FIELDS time h_bond sigma_h_bond height biasf
#! SET multivariate false
#! SET kerneltype gaussian
      1.000000047497451     0.4978393879704512                  0.015      1.666666666666667                     10
      2.000000094994903     0.5182142214314256                  0.015      1.622975314868176                     10
      3.000000142492354     0.5587958834797759                  0.015       1.66387821295264                     10
      4.000000189989805     0.5320418704198466                  0.015      1.567870976273626                     10
      5.000000237487257     0.5502760984644739                  0.015      1.517794282047365                     10
      6.000000284984708     0.5239873181364372                  0.015      1.438709520279224                     10
      7.000000332482159     0.5120248695995447                  0.015      1.401720394083106                     10
       8.00000037997961     0.5582785458414944                  0.015      1.449504724051925                     10
      9.000000427477062      0.687360794687892                  0.015      1.666666666666667                     10
      10.00000047497451     0.6670830716703455                  0.015      1.622594853712363                     10
      11.00000052247196     0.6706472409087174                  0.015      1.509334169638882                     10
      12.00000056996942     0.6798271603378576                  0.015      1.428186812701204                     10
      13.00000061746687     0.7380900598471026                  0.015       1.66630174622587                     10
      14.00000066496432     0.6927220836637498                  0.015      1.451063705217411                     10
      15.00000071246177      0.716328567632135                  0.015      1.578440157069013                     10
      16.00000075995922     0.6136833196520219                  0.015      1.666427629321383                     10
      17.00000080745667     0.6670148284202299                  0.015      1.359149481607512                     10
      18.00000085495412     0.7080199870340391                  0.015      1.450261273433698                     10
      19.00000090245157     0.7543947428117036                  0.015      1.601284037307884                     10
      20.00000094994903     0.7590716045225101                  0.015      1.526978954295147                     10
      21.00000099744648      0.768892481078553                  0.015      1.511401423836924                     10
      22.00000104494393     0.7815046645171231                  0.015      1.544517505032945                     10
      23.00000109244138     0.8124591683702626                  0.015      1.652845247208909                     10
      24.00000113993883     0.7303279530593944                  0.015      1.431196564098916                     10
      25.00000118743628     0.7436653201404548                  0.015      1.337802090338466                     10
      26.00000123493373     0.7203467072036062                  0.015      1.332602657201777                     10
      27.00000128243119     0.7779087257745069                  0.015      1.408453659301634                     10
      28.00000132992864     0.8361654742441804                  0.015      1.635285640997565                     10
      29.00000137742609      0.790376439509509                  0.015      1.437602695069019                     10
      30.00000142492354     0.7381820108144526                  0.015      1.243414170928532                     10
      31.00000147242099     0.7422729598379498                  0.015      1.184054912166568                     10
      32.00000151991844     0.8450743992757234                  0.015      1.567738664555444                     10
      33.00000156741589      0.810916620733921                  0.015      1.471559976157479                     10
      34.00000161491334     0.7669928038396542                  0.015      1.223414098460817                     10
       35.0000016624108     0.8318251610396129                  0.015      1.422985115159161                     10
      36.00000170990825     0.8156033095635488                  0.015      1.351836891878505                     10
       37.0000017574057     0.7866870269180325                  0.015      1.268884037112403                     10
      38.00000180490315     0.8901264835166428                  0.015      1.665515438210909                     10
       39.0000018524006     0.8642461989418572                  0.015      1.569302086986925                     10
      40.00000189989805     0.8375428725214514                  0.015      1.318384197399017                     10
       41.0000019473955     0.8412035093672086                  0.015      1.270150419087924                     10
      42.00000199489295      0.913193251886223                  0.015      1.632394124900532                     10
      43.00000204239041     0.9021421099952823                  0.015      1.506672914504551                     10
      44.00000208988786     0.9960802451173146                  0.015      1.666666666666667                     10
      45.00000213738531     0.9234723281175786                  0.015      1.539497274092513                     10
      46.00000218488276     0.9587802087598932                  0.015      1.654116851983191                     10
      47.00000223238021     0.9465418028580597                  0.015      1.549293754170405                     10
      48.00000227987766     0.8774724920894683                  0.015      1.475458292419792                     10
      49.00000232737511     0.8937921964392814                  0.015      1.370215825934522                     10
      50.00000237487257     0.9508694002113213                  0.015      1.459492034050347                     10
      51.00000242237002     0.9708952225175783                  0.015       1.50020175430079                     10
      52.00000246986747     0.8642711783910277                  0.015      1.364097403381988                     10
      53.00000251736492     0.8237174090882855                  0.015      1.199500536829536                     10
      54.00000256486237     0.8705529923268231                  0.015      1.300804010205362                     10
      55.00000261235982       0.81157770599941                  0.015      1.204109205632599                     10
      56.00000265985727     0.9431020365602027                  0.015      1.367383826569088                     10
      57.00000270735472     0.9612252587137337                  0.015      1.320557781485774                     10
      58.00000275485218     0.9530856347163993                  0.015      1.225626057525885                     10
      59.00000280234963     0.9379539112649183                  0.015      1.258333786608313                     10
      60.00000284984708     0.9000979030322391                  0.015      1.280433265286489                     10
      61.00000289734453     0.9182132607244939                  0.015      1.280328434218177                     10
      62.00000294484198     0.8868022349319938                  0.015      1.203242327567192                     10
      63.00000299233943     0.8689275854587837                  0.015      1.197322483380888                     10
      64.00000303983688     0.8393417085968164                  0.015      1.120882425882056                     10
      65.00000308733433     0.7886143402248144                  0.015      1.193966848412422                     10
      66.00000313483179     0.7340301428451244                  0.015      1.134608164966912                     10
      67.00000318232924     0.7371761240910535                  0.015       1.07474663577847                     10
      68.00000322982669     0.7070187531629798                  0.015      1.258602124512135                     10
      69.00000327732414     0.7503513610177982                  0.015      1.054891892894078                     10
      70.00000332482159     0.6915277321483891                  0.015      1.223147845723284                     10
      71.00000337231904     0.6361316813062068                  0.015      1.599053290166526                     10
      72.00000341981649     0.6843811372670718                  0.015      1.164408646173398                     10
      73.00000346731395     0.6407964159569935                  0.015      1.490394925521659                     10
       74.0000035148114     0.6505783759341572                  0.015      1.364753704988838                     10
      75.00000356230885     0.6463370794940621                  0.015      1.314934196968495                     10
       76.0000036098063     0.6033071626507429                  0.015      1.563629533022922                     10
      77.00000365730375     0.6927713439722437                  0.015      1.118101635347896                     10
       78.0000037048012     0.7018180690772529                  0.015      1.099438947623245                     10
      79.00000375229865     0.6505642355915983                  0.015      1.226588974972023                     10
       80.0000037997961     0.6284736441970574                  0.015      1.334763614892562                     10
      81.00000384729356     0.7017777306110287                  0.015      1.051783764564941                     10
      82.00000389479101     0.7156839005847933                  0.015      1.044994147403007                     10
      83.00000394228846     0.7087181539384187                  0.015     0.9931434946547251                     10
      84.00000398978591     0.6743377696462464                  0.015      1.059097480383338                     10
      85.00000403728336     0.6588128129163864                  0.015      1.101987250304594                     10
      86.00000408478081     0.6884457825984804                  0.015     0.9435125924815828                     10
      87.00000413227826     0.6730215999936642                  0.015     0.9726381293994959                     10
      88.00000417977571     0.7262953729996586                  0.015     0.9697792729865836                     10
      89.00000422727317     0.7222468511780895                  0.015     0.9336640270764505                     10
      90.00000427477062     0.7052789409667701                  0.015     0.8907084515929992                     10
      91.00000432226807     0.7343532421233636                  0.015     0.9035806266271545                     10
      92.00000436976552     0.6841419880888241                  0.015     0.8794642718149096                     10
      93.00000441726297     0.7972389101256228                  0.015      1.154069361453182                     10
      94.00000446476042     0.7952899272584435                  0.015      1.100351944491158                     10
      95.00000451225787     0.7725994516843249                  0.015      1.066490031983972                     10
      96.00000455975533     0.7378446131951339                  0.015      0.881187089781849                     10
      97.00000460725278     0.7108479188957157                  0.015     0.8453273209356742                     10
      98.00000465475023     0.7905016220803478                  0.015      1.027973450861831                     10
      99.00000470224768     0.8069496474724784                  0.015      1.035478872882246                     10
      100.0000047497451     0.7245743546442951                  0.015     0.8202059843444974                     10
      101.0000047972426     0.7961545256953482                  0.015     0.9698486332845175                     10
        102.00000484474     0.7456156468419284                  0.015     0.8813501793654014                     10
      103.0000048922375     0.8042233956932007                  0.015     0.9541314158787044                     10
      104.0000049397349     0.7351993413002377                  0.015     0.7913896506962043                     10
      105.0000049872324     0.7604256610936064                  0.015     0.9587534321362595                     10
      106.0000050347298     0.7691588462397557                  0.015     0.9477709597049648                     10
      107.0000050822273     0.8476385325693176                  0.015      1.105427692234839                     10
      108.0000051297247     0.8884518965366934                  0.015      1.119240766765764                     10
      109.0000051772222     0.8241494292319579                  0.015     0.9909309635355013                     10
      110.0000052247196     0.9529387246757695                  0.015      1.127652248556813                     10
      111.0000052722171      1.030533187383335                  0.015      1.658721097814545                     10
      112.0000053197145      1.029848957480054                  0.015      1.551301576860449                     10
       113.000005367212       0.99781739881704                  0.015      1.511817367348661                     10
      114.0000054147094     0.9939214825834182                  0.015      1.415718271537189                     10
      115.0000054622069      0.981879029229091                  0.015      1.318930483895966                     10
      116.0000055097044      1.074569339603678                  0.015       1.66396165655215                     10
      117.0000055572018       1.07326861151054                  0.015      1.556253515403103                     10
      118.0000056046993      1.096587143596246                  0.015      1.599144861918632                     10
      119.0000056521967      1.036080296367867                  0.015      1.463693625548258                     10
      120.0000056996942      1.087055316840347                  0.015      1.448058363349363                     10
      121.0000057471916      1.023110114375281                  0.015      1.373599327261032                     10
      122.0000057946891     0.9853544141893583                  0.015      1.257848027260157                     10
      123.0000058421865     0.9242636797217239                  0.015      1.205366375003085                     10
       124.000005889684     0.9106638834113226                  0.015      1.127286326564653                     10
      125.0000059371814      0.922651349117519                  0.015      1.112069228257497                     10
      126.0000059846789     0.8957699515239921                  0.015      1.039026897281224                     10
      127.0000060321763     0.8760815106425575                  0.015      1.057329532188484                     10
      128.0000060796738     0.8445420883533891                  0.015      1.021102411864814                     10
      129.0000061271712     0.9208531372526952                  0.015      1.048882988250696                     10
      130.0000061746687     0.8640200524655346                  0.015      1.041648554566424                     10
      131.0000062221661     0.8476751212791128                  0.015     0.9733039550041486                     10
      132.0000062696636     0.9272590674245185                  0.015      1.024773737237564                     10
       133.000006317161     0.8767137965156944                  0.015      0.971335595140615                     10
      134.0000063646585     0.8377485861677515                  0.015     0.9146373055137239                     10
      135.0000064121559     0.7554121014119246                  0.015     0.8675043895406538                     10
      136.0000064596534     0.8534556878695604                  0.015      0.924953415010024                     10
      137.0000065071508     0.8049545675514316                  0.015     0.8966566948344872                     10
      138.0000065546483     0.7350720107572301                  0.015     0.7466752842730957                     10
      139.0000066021457     0.7166300911198715                  0.015     0.7680619495795682                     10
      140.0000066496432     0.7681658509959021                  0.015     0.8861637494937185                     10
      141.0000066971406     0.7588428905282093                  0.015     0.8242849651788861                     10
      142.0000067446381      0.708351973139428                  0.015     0.7689218989420036                     10
      143.0000067921355     0.5798671149633201                  0.015      1.540661543280203                     10
       144.000006839633     0.5842211366627307                  0.015      1.461437267450752                     10
      145.0000068871304     0.6162941340970474                  0.015       1.34424430463153                     10
      146.0000069346279     0.6575805962566261                  0.015      1.021582484424019                     10
      147.0000069821253     0.6146801513700706                  0.015      1.280846889241951                     10
      148.0000070296228     0.6338538394153572                  0.015      1.134319249779058                     10
      149.0000070771202     0.6010693716048922                  0.015      1.294479023271693                     10
      150.0000071246177     0.5663026840357905                  0.015      1.328223344068672                     10
      151.0000071721151     0.5787143714413555                  0.015      1.286812519653961                     10
      152.0000072196126     0.5896378786706533                  0.015      1.231552868745118                     10
        153.00000726711     0.5861593219121353                  0.015      1.173452876101271                     10
      154.0000073146075     0.6091301675538296                  0.015      1.128647731613751                     10
       155.000007362105     0.6320349984913869                  0.015      1.069987890736572                     10
      156.0000074096024     0.6558976955460756                  0.015     0.9635873505978904                     10
      157.0000074570999     0.6075576178061108                  0.015      1.066876177650907                     10
      158.0000075045973     0.6988268090192152                  0.015     0.7719629569867438                     10
      159.0000075520948     0.6480467443838923                  0.015     0.9533403362952367                     10
      160.0000075995922     0.7336711460350511                  0.015     0.6983913580874841                     10
      161.0000076470897     0.7777914693894017                  0.015     0.8490872530097924                     10
      162.0000076945871     0.7912530851640501                  0.015     0.8323286642977968                     10
      163.0000077420846     0.6406617713122911                  0.015     0.9455704108986056                     10
       164.000007789582      0.658177618034396                  0.015     0.8737020553283749                     10
      165.0000078370795     0.7000775678821769                  0.015     0.7426761989665487                     10
      166.0000078845769     0.6650059067731402                  0.015     0.8364954346396636                     10
      167.0000079320744     0.6635529046351105                  0.015     0.8105197919614194                     10
      168.0000079795718     0.7606785430489762                  0.015     0.7837056809268288                     10
      169.0000080270693     0.7799524015876911                  0.015     0.7911563621177314                     10
      170.0000080745667     0.7851754344719777                  0.015      0.771534438359273                     10
      171.0000081220642     0.8130874385746125                  0.015     0.8604486120887089                     10
      172.0000081695616     0.8025000783234602                  0.015      0.787028771385257                     10
      173.0000082170591     0.8316217490355161                  0.015     0.8504226061795513                     10
      174.0000082645565     0.8205721020312129                  0.015     0.8181992858318846                     10
       175.000008312054     0.8561246379647475                  0.015     0.8893827698593398                     10
      176.0000083595514     0.7758639494942853                  0.015     0.7385898440437665                     10
      177.0000084070489     0.7811659649013517                  0.015     0.7127005495694373                     10
      178.0000084545463     0.8510344827668653                  0.015     0.8363806986022211                     10
      179.0000085020438     0.8895963146617888                  0.015     0.9300760350821557                     10
      180.0000085495412     0.7825271548568293                  0.015     0.6922441347586081                     10
      181.0000085970387     0.8437762933911825                  0.015      0.785020538316676                     10
      182.0000086445361     0.8357322195834894                  0.015     0.7584928476095729                     10
      183.0000086920336     0.7178514718903992                  0.015     0.6899084043733313                     10
       184.000008739531     0.7084412954333986                  0.015     0.6870497206321075                     10
      185.0000087870285     0.7053549620681849                  0.015     0.6755722390258324                     10
      186.0000088345259     0.6914841850068525                  0.015     0.7135750271200811                     10
      187.0000088820234     0.7396797973710633                  0.015     0.6684888497600983                     10
      188.0000089295208     0.7994700694185473                  0.015     0.7119255016063801                     10
      189.0000089770183      0.782690495921767                  0.015     0.6627654828796454                     10
      190.0000090245157     0.8198961925513886                  0.015     0.7541677822353408                     10
      191.0000090720132     0.7499235518534564                  0.015     0.6855277846066847                     10
      192.0000091195107     0.8685316187524437                  0.015     0.8592533702066102                     10
      193.0000091670081     0.8356057603845398                  0.015     0.7197781424349042                     10
      194.0000092145056      0.737134197129598                  0.015     0.6318471514183496                     10
       195.000009262003     0.6616437423405059                  0.015     0.7834633325921013                     10
      196.0000093095005     0.6145075879984409                  0.015      1.002841282083945                     10
      197.0000093569979     0.4938911763037705                  0.015      1.479292885322345                     10
      198.0000094044954     0.5286529994166461                  0.015      1.296552609166633                     10
      199.0000094519928      0.498241878980222                  0.015      1.347897434645745                     10
      200.0000094994903     0.5197505096019124                  0.015      1.202856876288701                     10
      201.0000095469877     0.5328381633147727                  0.015      1.196381353063751                     10
      202.0000095944852     0.4822292178897284                  0.015      1.465074803554645                     10
      203.0000096419826     0.5522569765115973                  0.015      1.203412072550224                     10
      204.0000096894801     0.5091557673848702                  0.015      1.140181107942956                     10
      205.0000097369775     0.5716015089762385                  0.015      1.117762326813339                     10
       206.000009784475     0.6030470792481009                  0.015     0.9943251516108504                     10
      207.0000098319724     0.5846339482754221                  0.015      1.028561783674681                     10
      208.0000098794699     0.5991938849248645                  0.015     0.9457991854113201                     10
      209.0000099269673     0.5416555524353847                  0.015      1.129498057432293                     10
      210.0000099744648     0.5335496462001479                  0.015      1.060855543496551                     10
      211.0000100219622     0.5284603452723096                  0.015      1.007824972677877                     10
      212.0000100694597      0.542105636974292                  0.015      1.014367337599606                     10
      213.0000101169571     0.5551387759206611                  0.015      1.021251710022517                     10
      214.0000101644546     0.4887552556854072                  0.015       1.27481180848637                     10
       215.000010211952     0.5159354222580598                  0.015     0.9835385765532642                     10
      216.0000102594495     0.5608756519379967                  0.015     0.9897354001188956                     10
      217.0000103069469     0.4903091232170428                  0.015      1.180792904882373                     10
      218.0000103544444     0.4974820082909286                  0.015      1.050982984892566                     10
      219.0000104019418     0.5073267542081147                  0.015     0.9492843920554169                     10
      220.0000104494393      0.517435670655762                  0.015     0.8846954823952431                     10
      221.0000104969367     0.5205982556132529                  0.015     0.8511065365035154                     10
      222.0000105444342     0.5283329265157714                  0.015     0.8357502980129833                     10
      223.0000105919316     0.5083707353521715                  0.015     0.8498247458255389                     10
      224.0000106394291     0.5478112549683812                  0.015      0.907180101175235                     10
      225.0000106869265     0.5545373784341512                  0.015      0.901217135428101                     10
       226.000010734424      0.601051165900234                  0.015     0.9048981143687667                     10
      227.0000107819214      0.563958996431977                  0.015     0.9040513927550642                     10
      228.0000108294189     0.5779154695673013                  0.015     0.9102418011615632                     10
      229.0000108769163     0.5297475563001893                  0.015     0.7798712039499146                     10
      230.0000109244138     0.5502649833902278                  0.015      0.818825343793554                     10
      231.0000109719113     0.5781871466949066                  0.015      0.872619934337033                     10
      232.0000110194087      0.624894471296611                  0.015     0.9106415286945413                     10
      233.0000110669062     0.6181121351051331                  0.015     0.8667725876691597                     10
      234.0000111144036     0.7095665487799325                  0.015     0.6343213005102318                     10
      235.0000111619011     0.7551892322148026                  0.015     0.6720162834987208                     10
      236.0000112093985     0.8416326831052964                  0.015     0.7042480458747843                     10
       237.000011256896     0.8594569878244448                  0.015     0.7787361556506572                     10
      238.0000113043934     0.8781616623212467                  0.015     0.8404706731619904                     10
      239.0000113518909     0.9138023738508371                  0.015     0.9462111495618338                     10
      240.0000113993883     0.7399708110558023                  0.015     0.6095893448619756                     10
      241.0000114468858     0.6688518134696462                  0.015     0.7493458095217528                     10
      242.0000114943832     0.6551246941333009                  0.015      0.756945318890705                     10
      243.0000115418807     0.6221081981977481                  0.015     0.8434899187427791                     10
      244.0000115893781     0.6526805318412974                  0.015     0.7412408893275834                     10
      245.0000116368756     0.5790845960337474                  0.015     0.8420868378056042                     10
       246.000011684373     0.7388698778169135                  0.015      0.592986054606931                     10
      247.0000117318705     0.6946868047831456                  0.015       0.66006652473328                     10
      248.0000117793679     0.6729415894585813                  0.015     0.6980193930978258                     10
      249.0000118268654     0.6789948918428654                  0.015     0.6771999401069362                     10
      250.0000118743628     0.6786232518390174                  0.015     0.6593533501973536                     10
      251.0000119218603     0.6606173127205577                  0.015     0.6670371807561936                     10
      252.0000119693577     0.6347321920000877                  0.015     0.7981929993074491                     10
      253.0000120168552     0.6680809933781611                  0.015      0.633629514537643                     10
      254.0000120643526     0.6685179274286315                  0.015     0.6175536416095434                     10
      255.0000121118501     0.6706211987589161                  0.015     0.6022936300859212                     10
      256.0000121593475      0.743333510464636                  0.015     0.5894406836853923                     10
       257.000012206845     0.7730575307367771                  0.015     0.6467948451558813                     10
      258.0000122543424     0.7063172721347443                  0.015     0.5981777743222095                     10
      259.0000123018399     0.6136339147365309                  0.015     0.7917995990836243                     10
      260.0000123493373     0.7064140740698658                  0.015     0.5839578299472269                     10
      261.0000123968348     0.7154774792743577                  0.015     0.5703337353636679                     10
      262.0000124443322     0.8074491741113848                  0.015     0.6971082039166208                     10
      263.0000124918297     0.7561293426741607                  0.015     0.6199965177583302                     10
      264.0000125393271     0.7503269131164647                  0.015     0.5837494228933534                     10
      265.0000125868246     0.7575619923405064                  0.015     0.5965568760503738                     10
       266.000012634322     0.6905888904162444                  0.015     0.5871109674800775                     10
      267.0000126818195     0.6204690741740166                  0.015     0.7701311316624228                     10
      268.0000127293169     0.7801155627217058                  0.015     0.6104045687750327                     10
      269.0000127768144     0.6512391547550892                  0.015     0.6549934520182876                     10
      270.0000128243119     0.6639779818076401                  0.015     0.5800649340046533                     10
      271.0000128718093      0.647104851521912                  0.015     0.6577530358939252                     10
      272.0000129193068     0.6208616121157498                  0.015     0.7400069806537303                     10
      273.0000129668042     0.5817305037411536                  0.015     0.8120720144213944                     10
      274.0000130143017     0.6424015541782612                  0.015     0.6670883658033394                     10
      275.0000130617991     0.6223342958133037                  0.015     0.7099944709772142                     10
      276.0000131092966     0.6328214768544278                  0.015     0.6793218071492895                     10
       277.000013156794     0.7005259980381745                  0.015     0.5563083373144916                     10
      278.0000132042915      0.587704878979696                  0.015     0.7833241215740645                     10
      279.0000132517889     0.5058263141299486                  0.015     0.8315572099949859                     10
      280.0000132992864     0.4869295397106035                  0.015       1.07873299518028                     10
      281.0000133467838     0.5080255053157319                  0.015     0.7741667239519351                     10
      282.0000133942813     0.5051445119517713                  0.015     0.7698105878157033                     10
      283.0000134417787     0.5363399724441523                  0.015     0.7490906734542251                     10
      284.0000134892762     0.5321977977752835                  0.015     0.7127572539015825                     10
      285.0000135367736     0.5823316108786099                  0.015     0.7623192660189466                     10
      286.0000135842711     0.5311464709968526                  0.015      0.689378576138045                     10
      287.0000136317685     0.5857933643570647                  0.015     0.7380775267342884                     10
       288.000013679266     0.5419661599619776                  0.015     0.7119079495068518                     10
      289.0000137267634     0.5452167154521982                  0.015     0.7045537491059605                     10
      290.0000137742609     0.5928712621938013                  0.015     0.7157601422201544                     10
      291.0000138217583      0.585096187808797                  0.015     0.6981131444882885                     10
      292.0000138692558     0.5189336139022457                  0.015     0.6538844078900469                     10
      293.0000139167532     0.5002803194278148                  0.015      0.773259895686208                     10
      294.0000139642507     0.5645826553184815                  0.015     0.7211737037001364                     10
      295.0000140117481      0.490235417378112                  0.015     0.9102400198184836                     10
      296.0000140592456     0.5069642137564184                  0.015     0.6720305273649363                     10
       297.000014106743      0.530808229290829                  0.015     0.6222484838898446                     10
      298.0000141542405      0.589594089469154                  0.015     0.6728105236773012                     10
      299.0000142017379     0.5254774350120683                  0.015     0.5981669228429045                     10
      300.0000142492354     0.5372020983273987                  0.015      0.616708894892618                     10
      301.0000142967328     0.5474076384018172                  0.015     0.6502103023807627                     10
      302.0000143442303     0.5307704097583894                  0.015     0.5719552925329281                     10
      303.0000143917277     0.5489092679691059                  0.015     0.6331784898789106                     10
      304.0000144392252      0.474619368173865                  0.015       1.26602206013065                     10
      305.0000144867226      0.474631515933896                  0.015      1.203054868882533                     10
      306.0000145342201     0.4858662851245153                  0.015     0.8920822133406626                     10
      307.0000145817176     0.5111751506543785                  0.015     0.5969438349818541                     10
       308.000014629215     0.4880508311781331                  0.015     0.8158207756096398                     10
      309.0000146767125     0.4772386264401935                  0.015      1.022245780946317                     10
      310.0000147242099      0.467414627982914                  0.015      1.240982946238536                     10
      311.0000147717074     0.5837434217542401                  0.015     0.6527224947395196                     10
      312.0000148192048     0.5647329907706028                  0.015     0.6626362413129929                     10
      313.0000148667023     0.4748623945961935                  0.015     0.9964037263542658                     10
      314.0000149141997     0.5293090418082881                  0.015     0.5430432772579442                     10
      315.0000149616972     0.5698021275456436                  0.015     0.6421521068661036                     10
      316.0000150091946     0.5908052315115386                  0.015     0.6301675905192429                     10
      317.0000150566921     0.5295560288880957                  0.015     0.5312367639544942                     10
      318.0000151041895      0.504563475031254                  0.015     0.5959209517383991                     10
       319.000015151687     0.4951229804453313                  0.015     0.6461122305238809                     10
      320.0000151991844     0.4610981947742159                  0.015      1.299111230899195                     10
      321.0000152466819     0.5013291412578476                  0.015     0.5857801926743125                     10
      322.0000152941793     0.5181119982223896                  0.015      0.514816340548623                     10
      323.0000153416768     0.5705510588019658                  0.015     0.6183712291507059                     10
      324.0000153891742      0.467024367699133                  0.015      1.087919670304136                     10
      325.0000154366717     0.4811663422778285                  0.015     0.7642728761594052                     10
      326.0000154841691     0.5202573574329018                  0.015     0.5007663523738495                     10
      327.0000155316666     0.4817053505606974                  0.015     0.7327186049245614                     10
       328.000015579164     0.5824043167854908                  0.015     0.5929237766912933                     10
      329.0000156266615     0.5095422180834481                  0.015     0.5136356970589548                     10
      330.0000156741589     0.5537091821004538                  0.015      0.595228926491044                     10
      331.0000157216564     0.4704206868328192                  0.015     0.9209421269923187                     10
      332.0000157691538     0.5010926767493524                  0.015     0.5343910200825893                     10
      333.0000158166513     0.5197384463973969                  0.015      0.477096892156546                     10
      334.0000158641487     0.4822931699188457                  0.015     0.6746413946831771                     10
      335.0000159116462     0.5054783657194235                  0.015     0.4955983620916058                     10
      336.0000159591436     0.5565150213484575                  0.015     0.5868029660121111                     10
      337.0000160066411     0.5679058039159429                  0.015     0.5786258541306897                     10
      338.0000160541385     0.6114085284549342                  0.015     0.6536464694021903                     10
       339.000016101636     0.4857220129178998                  0.015     0.6115585070558165                     10
      340.0000161491334     0.4763454985781586                  0.015     0.7304592151590631                     10
      341.0000161966309     0.4796541363809243                  0.015     0.6557366863938228                     10
      342.0000162441283     0.4677940348382204                  0.015      0.879041781097629                     10
      343.0000162916258     0.4716267140902308                  0.015     0.7592840603248662                     10
      344.0000163391232     0.6050398079078129                  0.015     0.6266787278751903                     10
      345.0000163866207     0.5598186829642426                  0.015     0.5663678113221476                     10
      346.0000164341182     0.4668719376932591                  0.015     0.8474844547627155                     10
      347.0000164816156     0.5383016782172648                  0.015     0.5027754667303553                     10
      348.0000165291131     0.4972591947611322                  0.015     0.4909613756081759                     10
      349.0000165766105     0.6141444194480333                  0.015     0.6270720326117538                     10
       350.000016624108     0.5205326719036256                  0.015     0.4522153131698209                     10
      351.0000166716054     0.5352918745702153                  0.015     0.4764366753577304                     10
      352.0000167191029     0.5551660691286892                  0.015     0.5383727189954385                     10
      353.0000167666003     0.5080345235615402                  0.015     0.4531196654753816                     10
      354.0000168140978     0.6230549157837858                  0.015     0.6303743314198095                     10
      355.0000168615952     0.5510897416558832                  0.015     0.5166379756067832                     10
      356.0000169090927     0.5461420233465663                  0.015     0.4914633716679015                     10
      357.0000169565901     0.6153538242497516                  0.015       0.60027848430329                     10
      358.0000170040876      0.575949550603387                  0.015      0.540027671964082                     10
       359.000017051585     0.5364704433353823                  0.015     0.4522124565979289                     10
      360.0000170990825     0.5663394297232045                  0.015     0.5202670324881228                     10
      361.0000171465799      0.523324588859937                  0.015     0.4244916916904216                     10
      362.0000171940774     0.5464862360958324                  0.015     0.4679503848041572                     10
      363.0000172415748     0.4596994624147507                  0.015      1.022115655830219                     10
      364.0000172890723     0.5105283360306996                  0.015      0.432420173064652                     10
      365.0000173365697     0.4536908278116071                  0.015      1.167384849923411                     10
      366.0000173840672     0.4568205226874433                  0.015      1.021610523574899                     10
      367.0000174315646     0.4802315087046161                  0.015     0.5547757347771795                     10
      368.0000174790621      0.481077272235456                  0.015     0.5355908756116035                     10
      369.0000175265595     0.4915537631097435                  0.015     0.4685906749390808                     10
       370.000017574057     0.4804538073737145                  0.015     0.5217140691130794                     10
      371.0000176215544     0.5134025663532217                  0.015     0.4140199060247584                     10
      372.0000176690519     0.5490051557686647                  0.015     0.4657519259391267                     10
      373.0000177165493     0.5047772536156142                  0.015     0.4200943138269148                     10
      374.0000177640468     0.5576520525550146                  0.015     0.4813369730204616                     10
      375.0000178115442     0.5547942302413353                  0.015     0.4647359260081789                     10
      376.0000178590417     0.4958072005693909                  0.015     0.4320913449378974                     10
      377.0000179065391     0.4871171684178335                  0.015     0.4567446025389889                     10
      378.0000179540366     0.5702278737597664                  0.015     0.4947109774251022                     10
       379.000018001534       0.59530512493416                  0.015     0.5605004031100751                     10
      380.0000180490315     0.5575292467008418                  0.015     0.4564481528073641                     10
      381.0000180965289     0.6254002342472328                  0.015     0.6059484099312493                     10
      382.0000181440264     0.5825654635288502                  0.015     0.5068682336445761                     10
      383.0000181915238     0.6805737093419906                  0.015     0.5642334726801206                     10
      384.0000182390213      0.674033467083178                  0.015     0.5452502345758954                     10
      385.0000182865188     0.6514640064879064                  0.015     0.5712994163432478                     10
      386.0000183340162     0.6171856170916465                  0.015     0.5700354215689231                     10
      387.0000183815137     0.6305137622693325                  0.015      0.589349721892506                     10
      388.0000184290111     0.5741018891130838                  0.015     0.4764654301687334                     10
      389.0000184765086     0.5573736492267046                  0.015     0.4410775662691005                     10
       390.000018524006     0.5479078930243301                  0.015     0.4214074064078727                     10
      391.0000185715035     0.5649376734591215                  0.015      0.441563709187963                     10
      392.0000186190009     0.4973255247321247                  0.015     0.4148480631710008                     10
      393.0000186664984     0.5469817509491637                  0.015     0.4097460185843487                     10
      394.0000187139958     0.6075717521818024                  0.015      0.543850698099674                     10
      395.0000187614933     0.6008664947882433                  0.015     0.5290141090959287                     10
      396.0000188089907     0.6166108466489694                  0.015     0.5311247814670838                     10
      397.0000188564882     0.6173974230271421                  0.015     0.5214642875331917                     10
      398.0000189039856     0.5898136807347547                  0.015     0.4910201519379519                     10
      399.0000189514831     0.5734727608534831                  0.015     0.4437334575502396                     10
      400.0000189989805     0.5981996800789817                  0.015     0.4940884293919396                     10
       401.000019046478     0.5709009861800359                  0.015     0.4294672614687647                     10
      402.0000190939754     0.5406816609114281                  0.015     0.3970124185725545                     10
      403.0000191414729     0.6383036097580835                  0.015     0.5714783835207538                     10
      404.0000191889703      0.628849249401005                  0.015     0.5363087022406653                     10
      405.0000192364678     0.5541844350423091                  0.015     0.3986897548975216                     10
      406.0000192839652     0.6529078443155284                  0.015     0.5354118108054203                     10
      407.0000193314627     0.6359123851574316                  0.015     0.5388451828101872                     10
      408.0000193789601     0.6756093857620077                  0.015     0.5270458340108617                     10
      409.0000194264576     0.6406986620910385                  0.015     0.5303816854764106                     10
       410.000019473955     0.6661095031519361                  0.015     0.4999777898425067                     10
      411.0000195214525     0.7163353648416493                  0.015     0.5444580548857577                     10
      412.0000195689499     0.6671950627640253                  0.015      0.491063113083373                     10
      413.0000196164474     0.7523526517892082                  0.015     0.5618345048321658                     10
      414.0000196639448      0.683184488509341                  0.015     0.5172879220676175                     10
      415.0000197114423     0.7121489303964326                  0.015     0.5268028092879445                     10
      416.0000197589397     0.6705194766220798                  0.015     0.4791914141364323                     10
      417.0000198064372     0.5765916841505347                  0.015     0.4294688002803672                     10
      418.0000198539346     0.6029081425850116                  0.015     0.4812857776188815                     10
      419.0000199014321     0.5057560464452002                  0.015     0.3958345361543818                     10
      420.0000199489295     0.5205505178287499                  0.015     0.3820134553242763                     10
       421.000019996427     0.5662727211982412                  0.015     0.4031989733568928                     10
      422.0000200439245     0.4581112620423718                  0.015     0.9197771240378747                     10
      423.0000200914219     0.4576820742250227                  0.015     0.8986551118926678                     10
      424.0000201389194     0.5519687108818657                  0.015     0.3841710234149572                     10
      425.0000201864168     0.4586518741001315                  0.015     0.8405731913852902                     10
      426.0000202339143     0.5138711650361549                  0.015     0.3783003116791533                     10
      427.0000202814117     0.4681644198256822                  0.015     0.6125224128275882                     10
      428.0000203289092     0.5367334575739132                  0.015     0.3755514371917422                     10
      429.0000203764066     0.5059876411750586                  0.015     0.3792162338753497                     10
      430.0000204239041     0.5094772185044378                  0.015     0.3693989667217349                     10
      431.0000204714015     0.5913100165894264                  0.015      0.454331106780232                     10
       432.000020518899     0.5331388168240413                  0.015     0.3661666521783722                     10
      433.0000205663964     0.5153425426698462                  0.015     0.3575129106022735                     10
      434.0000206138939     0.6226079627290966                  0.015     0.4852216640360223                     10
      435.0000206613913     0.5679525469599804                  0.015     0.3924626454500992                     10
      436.0000207088888     0.5046739243431345                  0.015      0.365086493928322                     10
      437.0000207563862      0.466777762913522                  0.015     0.6199889269430041                     10
      438.0000208038837     0.4829777813013777                  0.015     0.4337612667176589                     10
      439.0000208513811     0.5036543336177061                  0.015     0.3588462490390922                     10
      440.0000208988786     0.4834949368344474                  0.015     0.4208806986599166                     10
       441.000020946376     0.5828123506025361                  0.015     0.4188538078094201                     10
      442.0000209938735     0.5573153025754574                  0.015     0.3708932898448621                     10
      443.0000210413709     0.6390464634622681                  0.015     0.5078505509305341                     10
      444.0000210888684     0.6351393682401886                  0.015     0.4946344830058063                     10
      445.0000211363658     0.6990872730176763                  0.015     0.5104727382587632                     10
      446.0000211838633      0.632360122979335                  0.015     0.4809369247920201                     10
      447.0000212313607     0.7172659975420393                  0.015     0.5161009991608958                     10
      448.0000212788582     0.7236397324957334                  0.015     0.5125788454061958                     10
      449.0000213263556      0.747303915342484                  0.015     0.5294363665522025                     10
      450.0000213738531       0.76579255781469                  0.015     0.5774442202617079                     10
      451.0000214213505      0.688943400601354                  0.015     0.4971446647650899                     10
       452.000021468848     0.7738790353424509                  0.015     0.5753172399239709                     10
      453.0000215163454     0.7706525187767193                  0.015      0.558897846244837                     10
      454.0000215638429     0.7879359878743136                  0.015     0.5855440501292352                     10
      455.0000216113403     0.8526875099409741                  0.015     0.7094278399238557                     10
      456.0000216588378     0.8092775370181249                  0.015     0.6727478320082545                     10
      457.0000217063352     0.8634830746873917                  0.015     0.7445962301291329                     10
      458.0000217538327      0.879466011960887                  0.015     0.7966747003532005                     10
      459.0000218013301      0.803270744930444                  0.015     0.6302330531008277                     10
      460.0000218488276     0.8156938021254031                  0.015     0.6615637952491161                     10
      461.0000218963251     0.8150009215743288                  0.015     0.6424336317437475                     10
      462.0000219438225     0.7887918698729455                  0.015     0.5542487400957334                     10
        463.00002199132     0.7841751214280707                  0.015     0.5344623800088968                     10
      464.0000220388174     0.7402297394273974                  0.015     0.4975902991194068                     10
      465.0000220863149     0.7916854888975156                  0.015     0.5383421683972095                     10
      466.0000221338123     0.7379382625348436                  0.015     0.4870720875217555                     10
      467.0000221813098     0.6957690173661184                  0.015     0.4861218073223141                     10
      468.0000222288072     0.7021974172024703                  0.015      0.474109272523984                     10
      469.0000222763047     0.7116880640512281                  0.015     0.4705729061507196                     10
      470.0000223238021     0.7525056527035228                  0.015      0.501186954115091                     10
      471.0000223712996     0.7520781308601543                  0.015      0.490143165477455                     10
       472.000022418797     0.7719359687261811                  0.015       0.50828536008952                     10
      473.0000224662945     0.8282538917182922                  0.015     0.6413411161580705                     10
      474.0000225137919     0.6500210439856661                  0.015      0.475033126207458                     10
      475.0000225612894     0.6982530699698666                  0.015     0.4608574489277219                     10
      476.0000226087868      0.737484374980941                  0.015     0.4624371003175168                     10
      477.0000226562843     0.7009988946918689                  0.015     0.4499249828703941                     10
      478.0000227037817     0.6870603159579194                  0.015      0.458213186008605                     10
      479.0000227512792     0.8077676493808766                  0.015     0.5815501257099959                     10
      480.0000227987766     0.7335864081314009                  0.015     0.4560609433817916                     10
      481.0000228462741     0.6754153668009745                  0.015     0.4503821767867286                     10
      482.0000228937715      0.711230650600247                  0.015     0.4413861135526082                     10
       483.000022941269     0.6512884972752847                  0.015     0.4615332211629488                     10
      484.0000229887664     0.6824862870914309                  0.015     0.4426473594655936                     10
      485.0000230362639     0.7614307602704308                  0.015     0.4894038798049647                     10
      486.0000230837613     0.7200365093336264                  0.015     0.4456089706657886                     10
      487.0000231312588     0.7127604395004473                  0.015      0.428020723706235                     10
      488.0000231787562     0.6949283965705201                  0.015     0.4223170062868241                     10
      489.0000232262537     0.7681433060336362                  0.015     0.4872353988862419                     10
      490.0000232737511     0.8134917726340402                  0.015     0.5889662757007021                     10
      491.0000233212486     0.7789907412489067                  0.015     0.4832208265371516                     10
       492.000023368746     0.7533731654404454                  0.015     0.4540263881872761                     10
      493.0000234162435     0.8306832649230993                  0.015     0.6126028326635176                     10
      494.0000234637409     0.7871691853786481                  0.015     0.4860611988905981                     10
      495.0000235112384     0.8010376068554163                  0.015     0.5210080569877362                     10
      496.0000235587358     0.8298161626208133                  0.015     0.5948668295418013                     10
      497.0000236062333     0.7189879166215153                  0.015     0.4271472281123281                     10
      498.0000236537308     0.6487130175552323                  0.015     0.4564683909409708                     10
      499.0000237012282     0.8294698538275485                  0.015     0.5804806071964731                     10
      500.0000237487257     0.7624231274556739                  0.015     0.4578361126768684                     10
      501.0000237962231     0.8098614349024921                  0.015     0.5323969376915277                     10
      502.0000238437206     0.7757159476356037                  0.015     0.4536406694564493                     10
       503.000023891218     0.8657394308111829                  0.015     0.7140489819196766                     10
      504.0000239387155     0.7915682651177803                  0.015     0.4684184172144026                     10
      505.0000239862129     0.8072392991884192                  0.015     0.5073075388374741                     10
      506.0000240337104     0.7327976927849078                  0.015     0.4256022904703874                     10
      507.0000240812078     0.7688494236955629                  0.015     0.4418522685084176                     10
      508.0000241287053     0.8103801973364737                  0.015     0.5070764439411212                     10
      509.0000241762027      0.772925853934407                  0.015      0.432555257298519                     10
      510.0000242237002      0.724772572642458                  0.015     0.4193599593112439                     10
      511.0000242711976     0.8329413648054761                  0.015     0.5596249868883215                     10
      512.0000243186951     0.8342407074481397                  0.015     0.5502457690745235                     10
      513.0000243661925     0.9952596873055003                  0.015      1.228048760866812                     10
        514.00002441369      1.076773082907099                  0.015      1.361844504224736                     10
      515.0000244611874      0.994582909177118                  0.015       1.16602014070187                     10
      516.0000245086849     0.9744366371855272                  0.015      1.123895995117699                     10
      517.0000245561823     0.9299223933887956                  0.015     0.9676320769181961                     10
      518.0000246036798      1.032368455065826                  0.015      1.300614542918356                     10
      519.0000246511772      1.069337006979672                  0.015      1.331076692037372                     10
      520.0000246986747     0.9703804652290118                  0.015      1.068361270998547                     10
      521.0000247461721     0.8642638045879097                  0.015     0.6839486307704852                     10
      522.0000247936696      1.089009394747963                  0.015      1.293217590317925                     10
       523.000024841167      1.199913336037788                  0.015      1.666666666666667                     10
      524.0000248886645      1.150568269721935                  0.015      1.666169409399455                     10
      525.0000249361619      1.233843929960012                  0.015      1.658065873099855                     10
      526.0000249836594      1.307822988263354                  0.015      1.666666666666667                     10
      527.0000250311568      1.255121581030996                  0.015      1.626418575160667                     10
      528.0000250786543      1.372854200733675                  0.015      1.666666666666667                     10
      529.0000251261517      1.333247160122903                  0.015      1.637039757291523                     10
      530.0000251736492      1.424607756479183                  0.015      1.666377165014555                     10
      531.0000252211466      1.569954773511259                  0.015      1.666666666666667                     10
      532.0000252686441      1.509970602845804                  0.015      1.666666666666667                     10
      533.0000253161415      1.470382578451802                  0.015      1.662193293573897                     10
       534.000025363639      1.543968205045938                  0.015      1.633628674439652                     10
      535.0000254111364      1.486828313373044                  0.015      1.574535754100629                     10
      536.0000254586339      1.434236817592527                  0.015      1.572511792225682                     10
      537.0000255061314      1.339938517910863                  0.015      1.550601577473988                     10
      538.0000255536288      1.302500600639545                  0.015      1.547829738815333                     10
      539.0000256011263      1.368828800473774                  0.015      1.541423613769711                     10
      540.0000256486237      1.449039334190425                  0.015      1.533406546290257                     10
      541.0000256961212      1.449587293153505                  0.015      1.443346810446586                     10
      542.0000257436186      1.414084112281182                  0.015      1.526932586742796                     10
      543.0000257911161      1.346920011218065                  0.015      1.451287176994044                     10
      544.0000258386135      1.445027070838128                  0.015      1.345247824476715                     10
       545.000025886111      1.449757875821012                  0.015      1.289766323525323                     10
      546.0000259336084      1.402534830949554                  0.015      1.520862660635763                     10
      547.0000259811059      1.372642297623266                  0.015      1.423515202768288                     10
      548.0000260286033       1.37643657897362                  0.015      1.359608137741246                     10
      549.0000260761008      1.418067528044945                  0.015      1.332780178026665                     10
      550.0000261235982      1.579286332379798                  0.015      1.570930074993522                     10
      551.0000261710957      1.633261238087631                  0.015       1.66660102046854                     10
      552.0000262185931      1.555729654443265                  0.015      1.493402310964385                     10
      553.0000262660906      1.655188277420691                  0.015      1.628845344794483                     10
       554.000026313588      1.704720182127657                  0.015      1.666200126944273                     10
      555.0000263610855      1.672264590066897                  0.015      1.596734323400139                     10
      556.0000264085829      1.690796169902021                  0.015      1.542898083266175                     10
      557.0000264560804      1.712594611211532                  0.015      1.536309285611121                     10
      558.0000265035778      1.752758940604811                  0.015      1.663164736979639                     10
      559.0000265510753      1.666714014144873                  0.015      1.457270958833802                     10
      560.0000265985727      1.670249487035298                  0.015      1.374108732259274                     10
      561.0000266460702      1.830820448647882                  0.015      1.666666666666667                     10
      562.0000266935676        1.7988224992516                  0.015      1.654272900706222                     10
      563.0000267410651      1.890189276526116                  0.015      1.666666666666667                     10
      564.0000267885625      1.749729501483622                  0.015       1.55514185537583                     10
        565.00002683606      1.751147342774883                  0.015      1.461151229167365                     10
      566.0000268835574      1.745754922125238                  0.015      1.389553998583824                     10
      567.0000269310549      1.715721822927876                  0.015      1.437815956028059                     10
      568.0000269785523      1.692025922147898                  0.015      1.347793591730144                     10
      569.0000270260498      1.793094802942263                  0.015      1.555880087679044                     10
      570.0000270735472      1.810916965227408                  0.015      1.498411870401984                     10
      571.0000271210447      1.930038604917814                  0.015      1.663402522893735                     10
      572.0000271685421      1.870312728581947                  0.015      1.617635993299267                     10
      573.0000272160396      2.016539687593146                  0.015      1.666666666666667                     10
       574.000027263537      2.019057676768426                  0.015      1.560404090486787                     10
      575.0000273110345      1.904814964513519                  0.015      1.565907184320058                     10
       576.000027358532      1.748517801538875                  0.015      1.298845112983921                     10
      577.0000274060294      1.731085202560332                  0.015      1.340279477725294                     10
      578.0000274535269      1.812857927401128                  0.015      1.418548336770836                     10
      579.0000275010243       1.84393277576708                  0.015      1.549502344958011                     10
      580.0000275485218       1.85250027489398                  0.015      1.486571471895506                     10
      581.0000275960192      1.789141812197751                  0.015      1.416281845262864                     10
      582.0000276435167      1.955479821853308                  0.015      1.640158076207632                     10
      583.0000276910141      1.964727939694972                  0.015      1.570952509402815                     10
      584.0000277385116      1.854416257211346                  0.015      1.405570894177383                     10
       585.000027786009      1.749431166919136                  0.015      1.200158297217833                     10
      586.0000278335065      1.453062716244655                  0.015      1.237673285887753                     10
      587.0000278810039      1.420566032224719                  0.015      1.244779610180285                     10
      588.0000279285014      1.386499195489414                  0.015      1.342062711396587                     10
      589.0000279759988      1.258085130252167                  0.015      1.533919624932455                     10
      590.0000280234963      1.283967189764913                  0.015       1.55016430809074                     10
      591.0000280709937      1.349928497854229                  0.015      1.330752535799146                     10
      592.0000281184912       1.47541310754197                  0.015      1.394725883726722                     10
      593.0000281659886      1.391353799450119                  0.015      1.291956899983404                     10
      594.0000282134861      1.301149936627386                  0.015      1.411995291134396                     10
      595.0000282609835      1.273102730548943                  0.015       1.44523158814302                     10
       596.000028308481      1.188159111566057                  0.015      1.581127760684901                     10
      597.0000283559784      1.171460907929223                  0.015      1.553218010086518                     10
      598.0000284034759      1.190144955143981                  0.015      1.436576026106216                     10
      599.0000284509733      1.266076501248361                  0.015      1.363645961605337                     10
      600.0000284984708      1.314222458579863                  0.015      1.354403245844766                     10
      601.0000285459682      1.273156816501792                  0.015      1.297123399188246                     10
      602.0000285934657      1.317549850585628                  0.015      1.291985968836416                     10
      603.0000286409631      1.336861766246187                  0.015      1.258174014414949                     10
      604.0000286884606      1.400853855482593                  0.015      1.240132396828994                     10
       605.000028735958       1.37076180774924                  0.015      1.172263080805336                     10
      606.0000287834555      1.367085780170928                  0.015      1.130440492567189                     10
      607.0000288309529      1.202992273019491                  0.015      1.421300286011685                     10
      608.0000288784504      1.144205985696667                  0.015      1.546511834029111                     10
      609.0000289259478      1.191300140129876                  0.015      1.301347933990773                     10
      610.0000289734453      1.289205967606298                  0.015      1.251129617600609                     10
      611.0000290209427      1.228102845849073                  0.015      1.480215259826553                     10
      612.0000290684402      1.225483800790836                  0.015      1.396286580811898                     10
      613.0000291159377      1.143949871452924                  0.015      1.454278032009612                     10
      614.0000291634351      1.148556835919764                  0.015      1.357712140531366                     10
      615.0000292109326      1.125561128253813                  0.015      1.499761207516849                     10
        616.00002925843      1.160712035267375                  0.015      1.311674844809618                     10
      617.0000293059275      1.113259605393693                  0.015       1.45866729960511                     10
      618.0000293534249        1.2463395335271                  0.015      1.301744682601884                     10
      619.0000294009224      1.216355288594793                  0.015      1.302266756524059                     10
      620.0000294484198      1.142587588662105                  0.015      1.228247241559744                     10
      621.0000294959173      1.213679032330617                  0.015      1.232098246542754                     10
      622.0000295434147      1.128470269029212                  0.015      1.289802565118057                     10
      623.0000295909122      1.186773324004586                  0.015      1.204608158536119                     10
      624.0000296384096      1.110160623869131                  0.015      1.327144208467552                     10
      625.0000296859071      1.136895219705813                  0.015      1.143823400184231                     10
      626.0000297334045      1.064114653471315                  0.015      1.288061109654496                     10
       627.000029780902       1.02347494494075                  0.015      1.219274939480692                     10
      628.0000298283994      1.058138750455561                  0.015      1.276370236099705                     10
      629.0000298758969      1.045013360775448                  0.015       1.23151010609301                     10
      630.0000299233943      1.092417947395107                  0.015      1.179483696062327                     10
      631.0000299708918      1.042685708380838                  0.015      1.161136560434229                     10
      632.0000300183892      1.122830850057267                  0.015       1.18360266322925                     10
      633.0000300658867       1.05878668692039                  0.015      1.134968772648586                     10
      634.0000301133841      1.017375671710577                  0.015      1.145019755266566                     10
      635.0000301608816      1.222274876258681                  0.015      1.185137514436704                     10
       636.000030208379      1.314288418414007                  0.015      1.183745647398623                     10
      637.0000302558765      1.155141526720958                  0.015      1.129239943953765                     10
      638.0000303033739      1.174842577720395                  0.015      1.191009836137511                     10
      639.0000303508714      1.164182609997136                  0.015      1.115497433768154                     10
      640.0000303983688      1.225841164775984                  0.015      1.140038787315869                     10
      641.0000304458663      1.332129969198939                  0.015      1.164401592739913                     10
      642.0000304933637      1.228434301609821                  0.015      1.098732191981365                     10
      643.0000305408612      1.293978123657782                  0.015       1.15884150022481                     10
      644.0000305883586      1.167611352840827                  0.015      1.081803344315283                     10
      645.0000306358561      1.104653241784977                  0.015      1.173050866313905                     10
      646.0000306833535      1.056826601792998                  0.015      1.087979183702745                     10
       647.000030730851      1.166246851777901                  0.015      1.030806178728093                     10
      648.0000307783484      1.079768822592033                  0.015      1.023081805111922                     10
      649.0000308258459     0.9264781728467322                  0.015      0.917424896699641                     10
      650.0000308733433      1.003655309260134                  0.015      1.094547606522597                     10
      651.0000309208408      1.012787256716723                  0.015      1.067581400771139                     10
      652.0000309683383      1.011204117528672                  0.015      1.022619695671749                     10
      653.0000310158357      1.019899052598617                  0.015     0.9796122974895805                     10
      654.0000310633332      1.010411657765404                  0.015     0.9501173979928934                     10
      655.0000311108306     0.9800401040016423                  0.015      1.004253508144448                     10
      656.0000311583281     0.9165719403585786                  0.015     0.8666013786583264                     10
      657.0000312058255     0.9407235421575345                  0.015     0.9294045276163717                     10
       658.000031253323     0.9199375569323017                  0.015     0.8283600494751288                     10
      659.0000313008204      1.015934317514124                  0.015     0.9099320364791467                     10
      660.0000313483179     0.9558267591177599                  0.015     0.9437575065060543                     10
      661.0000313958153      1.086441227840876                  0.015      1.009033333968638                     10
      662.0000314433128      1.131555033954332                  0.015      1.043945133262913                     10
      663.0000314908102       1.14138174340248                  0.015     0.9507642467669378                     10
      664.0000315383077      1.272557718736657                  0.015      1.160020908671149                     10
      665.0000315858051      1.233411458482826                  0.015      1.075885443033749                     10
      666.0000316333026      1.286810078822235                  0.015      1.098301589563034                     10
         667.0000316808      1.123183911014378                  0.015      1.034171117111877                     10
      668.0000317282975      1.307424301811475                  0.015       1.05560404703429                     10
      669.0000317757949      1.526648519182891                  0.015      1.535651039581685                     10
      670.0000318232924      1.494974010231631                  0.015      1.440058025625281                     10
      671.0000318707898      1.612489403704358                  0.015      1.611853418399968                     10
      672.0000319182873      1.647251170508036                  0.015      1.414428539667323                     10
      673.0000319657847      1.597386930586502                  0.015      1.527354053941232                     10
      674.0000320132822      1.531393836483264                  0.015      1.432453487638958                     10
      675.0000320607796      1.526013714888049                  0.015      1.359835029538656                     10
      676.0000321082771      1.600869707185441                  0.015      1.441045142526999                     10
      677.0000321557745      1.496548971469456                  0.015       1.34936576483259                     10
       678.000032203272      1.536925119690018                  0.015      1.293734494946939                     10
      679.0000322507694      1.550166991952106                  0.015       1.29755646464962                     10
      680.0000322982669      1.639985247253903                  0.015      1.377198798315895                     10
      681.0000323457643      1.577531709221577                  0.015      1.355786549409176                     10
      682.0000323932618      1.704379113705344                  0.015      1.271033224585986                     10
      683.0000324407592      1.518679021111014                  0.015      1.246659145182838                     10
      684.0000324882567      1.572692174454469                  0.015      1.276961308951144                     10
      685.0000325357541      1.618586050420889                  0.015       1.37916862090601                     10
      686.0000325832516       1.65822604972348                  0.015      1.240902904051633                     10
       687.000032630749         1.785927286211                  0.015      1.359662866323357                     10
      688.0000326782465       1.83620839731396                  0.015      1.340236194518043                     10
      689.0000327257439      1.834292138604335                  0.015      1.273994954366801                     10
      690.0000327732414      1.923918142389909                  0.015      1.503005703239054                     10
      691.0000328207389      1.885794820221333                  0.015      1.439631850097574                     10
      692.0000328682363       1.85686276200465                  0.015        1.2756090281577                     10
      693.0000329157338      1.881227442360931                  0.015      1.338867751044239                     10
      694.0000329632312       1.83363763941968                  0.015      1.192834044354963                     10
      695.0000330107287       1.81194163021085                  0.015      1.224585723099821                     10
      696.0000330582261      1.988597741777028                  0.015      1.596116726856135                     10
      697.0000331057236      1.988429411007985                  0.015      1.497135702836466                     10
       698.000033153221      2.040239076189321                  0.015      1.597179683351286                     10
      699.0000332007185      2.016441454003927                  0.015      1.407959274803445                     10
      700.0000332482159      1.953042734371391                  0.015      1.435891880038536                     10
      701.0000332957134      2.234544447807354                  0.015      1.666666666666667                     10
      702.0000333432108      2.093934934559317                  0.015       1.66663303675362                     10
      703.0000333907083      2.058747307787575                  0.015      1.603887176200573                     10
      704.0000334382057      2.074503886939098                  0.015      1.553017716377572                     10
      705.0000334857032      2.036551029378541                  0.015      1.407470869584156                     10
      706.0000335332006       2.04122035193074                  0.015      1.353126093518563                     10
      707.0000335806981      2.176421974798894                  0.015      1.666666666666667                     10
      708.0000336281955      2.213141223985902                  0.015      1.621482163711507                     10
       709.000033675693      2.199286072621598                  0.015      1.557782430739627                     10
      710.0000337231904      2.135297395981551                  0.015      1.661590622377632                     10
      711.0000337706879      2.159586873144873                  0.015      1.576797021049747                     10
      712.0000338181853      2.114719593837549                  0.015      1.579032798172003                     10
      713.0000338656828      2.143192449757722                  0.015      1.494127125266926                     10
      714.0000339131802      2.206772621063283                  0.015      1.455241766837019                     10
      715.0000339606777      2.159345230801103                  0.015       1.43009614468981                     10
      716.0000340081751      2.204760364369356                  0.015      1.373248091337383                     10
      717.0000340556726      2.189834372889767                  0.015      1.369131750434782                     10
        718.00003410317      2.322310662215913                  0.015      1.666666666666667                     10
      719.0000341506675      2.452719731813044                  0.015      1.666666666666667                     10
      720.0000341981649      2.572409085743036                  0.015      1.666666666666667                     10
      721.0000342456624      2.655311759997717                  0.015      1.666666666666667                     10
      722.0000342931598       2.59374073750137                  0.015      1.626639382551238                     10
      723.0000343406573      2.590705796437409                  0.015      1.514642531191562                     10
      724.0000343881547      2.450103343385648                  0.015      1.560515853957469                     10
      725.0000344356522      2.524820914500124                  0.015       1.66594049085245                     10
      726.0000344831496      2.681973150617813                  0.015      1.643873423618925                     10
      727.0000345306471      2.687852705128058                  0.015      1.558066564785656                     10
      728.0000345781446      2.648403290369608                  0.015      1.557917906302573                     10
       729.000034625642       2.57346964821349                  0.015      1.471497718170384                     10
      730.0000346731395      2.497666999167486                  0.015      1.643271922456675                     10
      731.0000347206369      2.613080642821038                  0.015      1.574261696321239                     10
      732.0000347681344      2.578189950490165                  0.015      1.359893053848154                     10
      733.0000348156318      2.704466066444207                  0.015       1.57660274543395                     10
      734.0000348631293      2.535492899580409                  0.015       1.56776621053495                     10
      735.0000349106267      2.480353462130679                  0.015      1.577315595266487                     10
      736.0000349581242      2.619743587423952                  0.015      1.512219886614078                     10
      737.0000350056216      2.639754216050302                  0.015      1.460128863272985                     10
      738.0000350531191      2.685446141403651                  0.015      1.411004841152855                     10
