#! FIELDS time h_bond sigma_h_bond height biasf
#! SET multivariate false
#! SET kerneltype gaussian
      1.000000047497451     0.4978731122294909                  0.015      1.666666666666667                     10
      2.000000094994903      0.538369595686587                  0.015      1.663759228234874                     10
      3.000000142492354     0.5141629545311676                  0.015       1.57717268166196                     10
      4.000000189989805     0.5237219015980908                  0.015      1.495811163289169                     10
      5.000000237487257     0.5515951662035296                  0.015      1.571501514072796                     10
      6.000000284984708     0.5750995010474728                  0.015      1.630472752404827                     10
      7.000000332482159     0.5566279269514254                  0.015      1.465637165557229                     10
       8.00000037997961     0.5087754318567679                  0.015      1.423014242490606                     10
      9.000000427477062     0.5578498659446632                  0.015        1.3859363196534                     10
      10.00000047497451     0.6492653670348575                  0.015      1.666666666666667                     10
      11.00000052247196     0.7073395191831378                  0.015      1.666666666666667                     10
      12.00000056996942     0.7451426913760087                  0.015      1.662022243798883                     10
      13.00000061746687     0.6657410028952756                  0.015      1.604550517352558                     10
      14.00000066496432     0.7499161351729693                  0.015       1.56251109136454                     10
      15.00000071246177     0.7282952629653794                  0.015      1.534196376742336                     10
      16.00000075995922     0.6289233348976717                  0.015      1.617691326959351                     10
      17.00000080745667     0.6882081617673917                  0.015      1.578089193805014                     10
      18.00000085495412     0.6097006480538825                  0.015      1.608849323252449                     10
      19.00000090245157     0.5970730371644841                  0.015      1.540828504298225                     10
      20.00000094994903     0.6712148377760966                  0.015      1.476298061925409                     10
      21.00000099744648     0.7263712518021515                  0.015      1.445897019230153                     10
      22.00000104494393     0.7133978226794349                  0.015       1.41124649380206                     10
      23.00000109244138     0.5196764761148747                  0.015      1.329256060750866                     10
      24.00000113993883     0.5505191626757977                  0.015      1.291369335234835                     10
      25.00000118743628     0.5879414235884498                  0.015      1.447881612772751                     10
      26.00000123493373     0.5103895862574418                  0.015      1.278633903083171                     10
      27.00000128243119     0.5583270758854045                  0.015      1.238758402501788                     10
      28.00000132992864     0.5229349758931012                  0.015       1.20417738314514                     10
      29.00000137742609     0.5363018209464986                  0.015      1.176136639156811                     10
      30.00000142492354      0.488681832765806                  0.015      1.469496834476573                     10
      31.00000147242099      0.642416463375577                  0.015      1.449908166302652                     10
      32.00000151991844     0.6026218981325774                  0.015      1.389769708188574                     10
      33.00000156741589     0.5128708563661292                  0.015      1.123968919992764                     10
      34.00000161491334     0.5894198839520042                  0.015      1.309565372774563                     10
       35.0000016624108      0.521127528024485                  0.015      1.064192874273357                     10
      36.00000170990825     0.5583729259320639                  0.015      1.146115154867374                     10
       37.0000017574057     0.5241410388499186                  0.015      1.023439691373054                     10
      38.00000180490315     0.5334567929876772                  0.015      1.019929943412254                     10
       39.0000018524006     0.5405845949836103                  0.015      1.006076982825589                     10
      40.00000189989805     0.4845487357490464                  0.015      1.425293928236562                     10
       41.0000019473955     0.4959176780140122                  0.015      1.180522571359865                     10
      42.00000199489295     0.5346787632374502                  0.015     0.9462328494611012                     10
      43.00000204239041     0.5946710144657991                  0.015       1.24056818101972                     10
      44.00000208988786     0.4742946247025692                  0.015      1.462710444658779                     10
      45.00000213738531     0.5601148247230795                  0.015       1.06085354144646                     10
      46.00000218488276     0.5267693685815074                  0.015     0.8903735321919642                     10
      47.00000223238021     0.5227358203373695                  0.015     0.8619494742421842                     10
      48.00000227987766      0.583531610463884                  0.015       1.17198887271083                     10
      49.00000232737511      0.496865645657881                  0.015      1.076606971918091                     10
      50.00000237487257      0.497806289552194                  0.015      1.019443398008697                     10
      51.00000242237002     0.5605090327902338                  0.015      1.001356366906616                     10
      52.00000246986747     0.6406535716861819                  0.015      1.368064315218152                     10
      53.00000251736492     0.6332266973863633                  0.015      1.313990690929108                     10
      54.00000256486237     0.6432530809934807                  0.015      1.238966667729573                     10
      55.00000261235982     0.6278762946688002                  0.015      1.226942607151514                     10
      56.00000265985727     0.6440987962753003                  0.015       1.14869391827505                     10
      57.00000270735472     0.5283741495728066                  0.015     0.8216374487848697                     10
      58.00000275485218     0.5188939328950566                  0.015     0.7976010434770868                     10
      59.00000280234963     0.5089314921999826                  0.015     0.8356929352165969                     10
      60.00000284984708     0.4867739369790947                  0.015      1.114281517856888                     10
      61.00000289734453     0.4593317210522105                  0.015      1.545423229783284                     10
      62.00000294484198     0.5801722628822338                  0.015        1.0967263982085                     10
      63.00000299233943     0.5779540003997899                  0.015      1.043162801732762                     10
      64.00000303983688     0.6088091782475157                  0.015      1.176229990996173                     10
      65.00000308733433     0.5686904947125022                  0.015     0.9623315936532972                     10
      66.00000313483179       0.59452495769615                  0.015      1.027737633103759                     10
      67.00000318232924     0.6197324307192055                  0.015      1.133678465460269                     10
      68.00000322982669      0.533985312999657                  0.015     0.7883155494607119                     10
      69.00000327732414     0.6059718661747604                  0.015      1.038311998905612                     10
      70.00000332482159      0.597430026351516                  0.015     0.9541747901180949                     10
      71.00000337231904     0.6804487153976408                  0.015      1.391392144848911                     10
      72.00000341981649      0.625166364093901                  0.015      1.047904940349992                     10
      73.00000346731395     0.5712152522071852                  0.015     0.9138007669725802                     10
       74.0000035148114     0.5882179986051842                  0.015     0.8886046123193033                     10
      75.00000356230885     0.5439144878961097                  0.015      0.809280430430504                     10
       76.0000036098063     0.5520065397548201                  0.015     0.8101202128876385                     10
      77.00000365730375     0.6671440492272799                  0.015      1.257807997660777                     10
       78.0000037048012     0.7873899185999222                  0.015      1.659971022244374                     10
      79.00000375229865     0.7230454703944865                  0.015      1.311714084009691                     10
       80.0000037997961     0.7636925194620426                  0.015      1.509276922229771                     10
      81.00000384729356     0.6996842916277929                  0.015      1.329742538733282                     10
      82.00000389479101     0.6747938641609881                  0.015      1.221207182696127                     10
      83.00000394228846     0.6950262972222644                  0.015      1.241674943756573                     10
      84.00000398978591     0.6606963668126347                  0.015      1.115829804243289                     10
      85.00000403728336     0.6833057879356887                  0.015      1.139580042794448                     10
      86.00000408478081     0.8073266762798803                  0.015      1.620005250180023                     10
      87.00000413227826     0.6800770026724092                  0.015      1.077636101109058                     10
      88.00000417977571     0.6815514476443955                  0.015      1.036836614704477                     10
      89.00000422727317     0.5071396360673721                  0.015     0.8036632867978064                     10
      90.00000427477062     0.5997773904278567                  0.015     0.8889866330685243                     10
      91.00000432226807     0.6064887644855168                  0.015     0.9013473043454723                     10
      92.00000436976552     0.5694950194667829                  0.015     0.8373880796092823                     10
      93.00000441726297     0.5870671745285754                  0.015     0.8073683919250729                     10
      94.00000446476042      0.648114013165228                  0.015      1.009259288851375                     10
      95.00000451225787      0.574286812474914                  0.015     0.7977985453001902                     10
      96.00000455975533     0.4804306327923965                  0.015      1.144987213812141                     10
      97.00000460725278     0.5299526462693713                  0.015     0.7126869508242731                     10
      98.00000465475023     0.6177718568262748                  0.015     0.9379621480933228                     10
      99.00000470224768     0.6387644653284421                  0.015     0.9431349906762359                     10
      100.0000047497451     0.7770692694147499                  0.015      1.476313051257791                     10
      101.0000047972426     0.7327932466532254                  0.015      1.246185099301945                     10
        102.00000484474     0.7195694437705762                  0.015      1.157753033729525                     10
      103.0000048922375     0.7162399701555735                  0.015      1.104845027204576                     10
      104.0000049397349     0.8371826713718868                  0.015      1.651354306276663                     10
      105.0000049872324     0.7964607518262035                  0.015      1.450444606555807                     10
      106.0000050347298     0.6226019490298373                  0.015     0.9036371850880073                     10
      107.0000050822273      0.740580138525897                  0.015      1.190578269815393                     10
      108.0000051297247     0.7038694518925392                  0.015      1.063495925501766                     10
      109.0000051772222     0.6773101153593137                  0.015     0.9672257042978972                     10
      110.0000052247196     0.6686840977455066                  0.015     0.9399974544182407                     10
      111.0000052722171     0.7098863740660837                  0.015      1.011157508881384                     10
      112.0000053197145     0.6460698832740175                  0.015     0.9023171270888894                     10
       113.000005367212      0.640775084998459                  0.015     0.8584658188842801                     10
      114.0000054147094     0.7216117771971776                  0.015     0.9871589959330668                     10
      115.0000054622069     0.6954630580589468                  0.015      0.950165560216476                     10
      116.0000055097044     0.7141305687855599                  0.015     0.9221361643309692                     10
      117.0000055572018     0.5230586750301862                  0.015     0.6852812473968773                     10
      118.0000056046993     0.4871398627621676                  0.015     0.9896722733300077                     10
      119.0000056521967     0.4939773189709242                  0.015     0.8660850845605798                     10
      120.0000056996942     0.5678095320506221                  0.015     0.7707949983947737                     10
      121.0000057471916     0.5644784817782791                  0.015     0.7450474423905602                     10
      122.0000057946891     0.5293524347038562                  0.015     0.6699780132335725                     10
      123.0000058421865     0.5711182739887937                  0.015     0.7288237659205347                     10
       124.000005889684     0.5505843492267326                  0.015     0.7062484952489544                     10
      125.0000059371814      0.480642804828909                  0.015      1.026430632649791                     10
      126.0000059846789     0.4624734194513542                  0.015      1.338185629754415                     10
      127.0000060321763     0.5074897350953623                  0.015     0.7069690466643301                     10
      128.0000060796738     0.5174742654966913                  0.015     0.6387853517291566                     10
      129.0000061271712     0.5706999638935327                  0.015     0.6992530824681417                     10
      130.0000061746687     0.5943763160737134                  0.015      0.741356597670588                     10
      131.0000062221661     0.6782845271184352                  0.015     0.8744237768954356                     10
      132.0000062696636     0.6707907934540289                  0.015     0.8518808540751548                     10
       133.000006317161     0.7556569257772684                  0.015      1.269487335771792                     10
      134.0000063646585     0.7667855199816748                  0.015      1.288813146508457                     10
      135.0000064121559     0.8138923832746765                  0.015       1.46946713587778                     10
      136.0000064596534     0.7851486829490765                  0.015      1.295157992678438                     10
      137.0000065071508     0.9193493567782907                  0.015      1.666666666666667                     10
      138.0000065546483     0.8441906189780175                  0.015      1.553115154470647                     10
      139.0000066021457      0.791460344051051                  0.015      1.246679323856849                     10
      140.0000066496432     0.8053797760752653                  0.015      1.270232219301391                     10
      141.0000066971406     0.7834303179990887                  0.015      1.153872753039546                     10
      142.0000067446381     0.7229616982838605                  0.015     0.9129648172222626                     10
      143.0000067921355     0.7435317338416157                  0.015      1.058868418738169                     10
       144.000006839633     0.6630990611354823                  0.015     0.8420044533193188                     10
      145.0000068871304     0.7700166593796192                  0.015      1.130443285562887                     10
      146.0000069346279     0.7344902934567105                  0.015     0.9362648043306969                     10
      147.0000069821253     0.7420990313797831                  0.015     0.9626208333945551                     10
      148.0000070296228     0.7100913775238481                  0.015     0.8464995691244516                     10
      149.0000070771202     0.6770762251926986                  0.015      0.797820673373642                     10
      150.0000071246177     0.6663589971691681                  0.015      0.786793233426836                     10
      151.0000071721151     0.6614367846018261                  0.015     0.7786071095969911                     10
      152.0000072196126     0.6525614704139593                  0.015     0.7790807957427494                     10
        153.00000726711     0.6432915717817553                  0.015     0.7733397583369995                     10
      154.0000073146075     0.7166004166853195                  0.015     0.8033786242787477                     10
       155.000007362105     0.7458481397228859                  0.015     0.9496272056991398                     10
      156.0000074096024     0.8064396698059222                  0.015      1.195612134878974                     10
      157.0000074570999     0.7638821871800526                  0.015      1.042394415978254                     10
      158.0000075045973     0.7872016726576351                  0.015      1.034900610367421                     10
      159.0000075520948     0.8996362524811991                  0.015        1.6203616157458                     10
      160.0000075995922     0.7935375910206123                  0.015      1.011978673659809                     10
      161.0000076470897     0.7630279968324654                  0.015     0.9802135518013327                     10
      162.0000076945871     0.8800242473665839                  0.015      1.610156279350174                     10
      163.0000077420846     0.8392007426897272                  0.015      1.423768281943829                     10
       164.000007789582     0.8273084721481901                  0.015      1.300428461025062                     10
      165.0000078370795     0.8651206733569197                  0.015      1.516553647696551                     10
      166.0000078845769      0.850454991825294                  0.015      1.346566899705766                     10
      167.0000079320744     0.9489586463245351                  0.015      1.650387615466448                     10
      168.0000079795718      0.898058910702453                  0.015        1.4688338223094                     10
      169.0000080270693     0.8865882416794477                  0.015      1.392264049774214                     10
      170.0000080745667     0.8426745239880535                  0.015       1.23453852265529                     10
      171.0000081220642     0.8040204423936933                  0.015      1.034018593242936                     10
      172.0000081695616     0.7880993939620321                  0.015     0.9242112987220148                     10
      173.0000082170591     0.7788460198128937                  0.015     0.9071176732654713                     10
      174.0000082645565     0.7134383078309885                  0.015     0.7796090107609475                     10
       175.000008312054     0.7755137196888996                  0.015     0.8847707601107768                     10
      176.0000083595514     0.7924027935745521                  0.015     0.8585329754574381                     10
      177.0000084070489     0.7693029519397657                  0.015     0.8654868361541277                     10
      178.0000084545463     0.7114289348270434                  0.015     0.7616386322463096                     10
      179.0000085020438     0.7307441917201137                  0.015     0.7733227968577121                     10
      180.0000085495412     0.7371233906028745                  0.015     0.7892611640824386                     10
      181.0000085970387     0.6944653812294992                  0.015     0.7896594396955764                     10
      182.0000086445361     0.7670265806329563                  0.015     0.8397576380358751                     10
      183.0000086920336     0.8376564722481564                  0.015      1.162526539884919                     10
       184.000008739531     0.8441426215170525                  0.015      1.129816778554867                     10
      185.0000087870285     0.9239089940041413                  0.015      1.486338202840457                     10
      186.0000088345259     0.7484493119409078                  0.015     0.8175341401863144                     10
      187.0000088820234     0.7402186528109115                  0.015     0.7568370387396265                     10
      188.0000089295208     0.7163122933414703                  0.015     0.6900043956822893                     10
      189.0000089770183      0.694025882457627                  0.015     0.7577571951952686                     10
      190.0000090245157     0.8174176658626962                  0.015      1.068901618406108                     10
      191.0000090720132     0.7677457646479664                  0.015     0.7936503732673416                     10
      192.0000091195107      0.690132314449375                  0.015     0.7329599678266568                     10
      193.0000091670081     0.8092809669808102                  0.015     0.9523495618779247                     10
      194.0000092145056     0.6911123719996302                  0.015     0.7129053043216476                     10
       195.000009262003     0.7570902190690357                  0.015     0.7753832940345812                     10
      196.0000093095005     0.7386191421425657                  0.015     0.7060404763910176                     10
      197.0000093569979     0.7625240937443085                  0.015     0.7464532021282267                     10
      198.0000094044954     0.6940135648301279                  0.015     0.6944943879774071                     10
      199.0000094519928     0.6873831843916814                  0.015     0.6707547103446764                     10
      200.0000094994903     0.6966621147545149                  0.015     0.6603515073126665                     10
      201.0000095469877     0.7219883666828889                  0.015     0.6368498239158554                     10
      202.0000095944852     0.7788632308216435                  0.015     0.7339557925282931                     10
      203.0000096419826     0.7261068759549675                  0.015     0.6283713378591593                     10
      204.0000096894801     0.7449154307731491                  0.015     0.6838308182722748                     10
      205.0000097369775     0.7038463106696069                  0.015     0.6275641278933295                     10
       206.000009784475     0.6656902320993769                  0.015     0.6881501006671876                     10
      207.0000098319724     0.7174835336629435                  0.015     0.5918323891074192                     10
      208.0000098794699     0.8126603896711538                  0.015     0.9474389433767997                     10
      209.0000099269673     0.9624308639885526                  0.015      1.589369292869488                     10
      210.0000099744648     0.8608440156987256                  0.015      1.249530776013045                     10
      211.0000100219622     0.9719956281555852                  0.015        1.5496417030211                     10
      212.0000100694597     0.8816841946667088                  0.015      1.294766418618456                     10
      213.0000101169571     0.8304897399643066                  0.015      1.008915703984437                     10
      214.0000101644546      0.886800515957661                  0.015      1.233991437939661                     10
       215.000010211952     0.8282811559925449                  0.015     0.9667144050430454                     10
      216.0000102594495     0.8155016457831454                  0.015     0.8906240557715799                     10
      217.0000103069469     0.7918949546792202                  0.015     0.7376987938308491                     10
      218.0000103544444     0.6919498980063012                  0.015     0.6189080607599016                     10
      219.0000104019418     0.6514973787348431                  0.015     0.7200080427353232                     10
      220.0000104494393     0.6533466161786123                  0.015     0.6946755908612229                     10
      221.0000104969367     0.6210558409361187                  0.015     0.8242344304837979                     10
      222.0000105444342     0.6017219664563138                  0.015     0.7441111635589925                     10
      223.0000105919316     0.6246323805727231                  0.015     0.7808531707559163                     10
      224.0000106394291     0.5506819480393705                  0.015     0.6765376126621871                     10
      225.0000106869265     0.5061946597579137                  0.015     0.6822560782031581                     10
       226.000010734424     0.5212203958658492                  0.015     0.6034520774508557                     10
      227.0000107819214     0.5032478495860242                  0.015     0.6779113532630641                     10
      228.0000108294189     0.5101442307647881                  0.015       0.61155360409508                     10
      229.0000108769163     0.4758743973309615                  0.015       1.01971980150408                     10
      230.0000109244138     0.4772887409001084                  0.015     0.9544010205785974                     10
      231.0000109719113     0.5328881158790167                  0.015     0.6082115389789564                     10
      232.0000110194087     0.5107177693228909                  0.015     0.5853940256797237                     10
      233.0000110669062     0.5368584722577172                  0.015     0.6084765741192149                     10
      234.0000111144036     0.5773571434418987                  0.015     0.6725589990624377                     10
      235.0000111619011     0.4841170845684655                  0.015     0.8144358852564497                     10
      236.0000112093985     0.4969442811733528                  0.015     0.6577000143863986                     10
       237.000011256896     0.5493093390162042                  0.015     0.6317594734485072                     10
      238.0000113043934       0.58807620277469                  0.015     0.6684635819673524                     10
      239.0000113518909     0.5493324379357882                  0.015     0.6154019467399825                     10
      240.0000113993883      0.483595369398348                  0.015     0.7811164814304251                     10
      241.0000114468858     0.5637520835119705                  0.015     0.6153087899303618                     10
      242.0000114943832     0.4925499938477361                  0.015      0.661155906409357                     10
      243.0000115418807     0.5335218621750424                  0.015     0.5584851692320469                     10
      244.0000115893781     0.5354748618486467                  0.015      0.552483566672069                     10
      245.0000116368756     0.5494301645506502                  0.015     0.5753747027107156                     10
       246.000011684373     0.5380402322714521                  0.015     0.5390947120707396                     10
      247.0000117318705     0.6495811204322696                  0.015     0.6766045852312897                     10
      248.0000117793679     0.6851947848806035                  0.015     0.6031780011193798                     10
      249.0000118268654     0.6652980686664148                  0.015     0.6249481882964925                     10
      250.0000118743628     0.6385019976228921                  0.015     0.6862377258710504                     10
      251.0000119218603     0.5736091225276131                  0.015     0.6124989888598313                     10
      252.0000119693577     0.5470021343602558                  0.015     0.5455693531184038                     10
      253.0000120168552     0.6131972254350202                  0.015     0.7448921153863128                     10
      254.0000120643526     0.5798880173048203                  0.015     0.6108828041897972                     10
      255.0000121118501      0.473711503631248                  0.015      0.912301017696548                     10
      256.0000121593475     0.5043847863397408                  0.015     0.5621818931402129                     10
       257.000012206845     0.5422575716751273                  0.015     0.5243723499305932                     10
      258.0000122543424      0.537790302243023                  0.015      0.505260001753647                     10
      259.0000123018399     0.5540062827010135                  0.015     0.5279637197631256                     10
      260.0000123493373     0.5411099682700176                  0.015     0.4941060921686368                     10
      261.0000123968348     0.5393235992103944                  0.015      0.481904692757143                     10
      262.0000124443322     0.5749538898201038                  0.015     0.5765112706690665                     10
      263.0000124918297       0.58358680627991                  0.015     0.5907702550299208                     10
      264.0000125393271     0.5023569112465749                  0.015     0.5579900874712715                     10
      265.0000125868246     0.4787972839965672                  0.015     0.7781076079439486                     10
       266.000012634322     0.5016279225654536                  0.015     0.5443140728735815                     10
      267.0000126818195     0.5747832856157123                  0.015     0.5516882018564874                     10
      268.0000127293169     0.5344822740299717                  0.015     0.4653512093538894                     10
      269.0000127768144      0.554584282117456                  0.015     0.4908530454584802                     10
      270.0000128243119     0.5038418838614591                  0.015     0.5209698772928897                     10
      271.0000128718093     0.5326030631610483                  0.015     0.4510486311695989                     10
      272.0000129193068      0.533845633060111                  0.015     0.4435155048437437                     10
      273.0000129668042     0.5205383171600039                  0.015      0.447123720664516                     10
      274.0000130143017     0.4706540373368409                  0.015      0.911090709921637                     10
      275.0000130617991     0.4900857301919178                  0.015     0.5881406984591202                     10
      276.0000131092966     0.4846214187858732                  0.015     0.6283083209680193                     10
       277.000013156794     0.5709960633696611                  0.015     0.5229706397476402                     10
      278.0000132042915     0.6293082630384914                  0.015     0.7027398828681094                     10
      279.0000132517889     0.5176888074459656                  0.015     0.4433208366622235                     10
      280.0000132992864     0.6089730524308795                  0.015     0.6917000905558157                     10
      281.0000133467838     0.5574828734470292                  0.015     0.4756697672669619                     10
      282.0000133942813     0.4971768581947751                  0.015     0.5134624222208797                     10
      283.0000134417787      0.480088473129452                  0.015     0.6647766210079908                     10
      284.0000134892762      0.494021922181886                  0.015     0.5120209544237173                     10
      285.0000135367736     0.4958616884532227                  0.015     0.4922284380084482                     10
      286.0000135842711     0.4905026107826101                  0.015     0.5142045568376872                     10
      287.0000136317685     0.4887626613759928                  0.015     0.5172251849798936                     10
       288.000013679266     0.5639578693374159                  0.015     0.4837628713116001                     10
      289.0000137267634     0.5147207763708124                  0.015     0.4260486606494549                     10
      290.0000137742609     0.5010000349435511                  0.015     0.4434752313647843                     10
      291.0000138217583     0.4959522492451885                  0.015     0.4530211841373912                     10
      292.0000138692558     0.6177610853363671                  0.015     0.6953847711323277                     10
      293.0000139167532     0.6185076915277368                  0.015     0.6766243176849835                     10
      294.0000139642507     0.5983043150450761                  0.015     0.6036244369730982                     10
      295.0000140117481     0.5791168365154711                  0.015     0.5203429855185786                     10
      296.0000140592456     0.6215403662851637                  0.015     0.6532690887919432                     10
       297.000014106743     0.5972691555958828                  0.015     0.5752234480631782                     10
      298.0000141542405     0.6826128200118562                  0.015     0.5819284052430791                     10
      299.0000142017379     0.4652474945798091                  0.015     0.9544365438716386                     10
      300.0000142492354     0.4527522833087633                  0.015      1.279039897043803                     10
      301.0000142967328     0.4842081098982909                  0.015     0.5266223788625323                     10
      302.0000143442303     0.4486007730066737                  0.015      1.315115121185519                     10
      303.0000143917277     0.5537537367224551                  0.015     0.4481732875324539                     10
      304.0000144392252     0.5832664318646517                  0.015     0.5140537042251122                     10
      305.0000144867226     0.5279541062319982                  0.015     0.4087171472447314                     10
      306.0000145342201     0.4465113673924687                  0.015      1.293437791139784                     10
      307.0000145817176     0.5415908783172111                  0.015     0.4181857029345837                     10
       308.000014629215     0.5727379455472555                  0.015     0.4743187267379719                     10
      309.0000146767125     0.5649285031628984                  0.015     0.4478444166955692                     10
      310.0000147242099     0.5433360971266279                  0.015     0.4101443644915246                     10
      311.0000147717074     0.5514523358218723                  0.015     0.4138123787948833                     10
      312.0000148192048     0.5800130169727261                  0.015     0.4786533977588633                     10
      313.0000148667023     0.7017221938991397                  0.015     0.5796515228605198                     10
      314.0000149141997      0.655550270002771                  0.015     0.6150937981414613                     10
      315.0000149616972     0.5857164112337737                  0.015      0.491387464846013                     10
      316.0000150091946     0.6198541152701931                  0.015     0.6282981138623384                     10
      317.0000150566921     0.6701223509067848                  0.015     0.5746721567262771                     10
      318.0000151041895     0.5244656486433064                  0.015       0.39294900811024                     10
       319.000015151687     0.5321012328745507                  0.015     0.3857863073972326                     10
      320.0000151991844     0.6181296158784623                  0.015     0.6104786252899718                     10
      321.0000152466819     0.5355593645051546                  0.015     0.3816412494769139                     10
      322.0000152941793     0.5051994354245976                  0.015     0.4084713879300659                     10
      323.0000153416768     0.6061464422862163                  0.015     0.5648190792916876                     10
      324.0000153891742     0.8378154930748166                  0.015     0.9362139347003485                     10
      325.0000154366717     0.8459217304145152                  0.015     0.9603961858665937                     10
      326.0000154841691     0.8222080057033836                  0.015     0.8574687443171544                     10
      327.0000155316666     0.7549833571725401                  0.015        0.6915965955879                     10
       328.000015579164     0.6832944167594144                  0.015     0.5512149137171676                     10
      329.0000156266615     0.7334236303709892                  0.015     0.6050620758016469                     10
      330.0000156741589     0.6975552163407847                  0.015     0.5551414720907684                     10
      331.0000157216564     0.6705885474878041                  0.015     0.5496308679331692                     10
      332.0000157691538     0.6833533623648135                  0.015     0.5234527206339422                     10
      333.0000158166513     0.6283968454921883                  0.015     0.5972865594582534                     10
      334.0000158641487     0.6654859113001711                  0.015     0.5461918673970654                     10
      335.0000159116462     0.6399060154408071                  0.015     0.5818292606649127                     10
      336.0000159591436     0.6232558907412847                  0.015     0.5729538603547311                     10
      337.0000160066411     0.5609440901061805                  0.015     0.4145990592010112                     10
      338.0000160541385     0.6399022068593015                  0.015     0.5614057069373141                     10
       339.000016101636     0.5748280172235053                  0.015     0.4392347851144032                     10
      340.0000161491334     0.6070778486930654                  0.015     0.5403264083432421                     10
      341.0000161966309     0.5243691951761609                  0.015     0.3742045518462824                     10
      342.0000162441283     0.6297712681757647                  0.015     0.5465133518543397                     10
      343.0000162916258     0.5624633798975793                  0.015     0.4052024114518554                     10
      344.0000163391232     0.5845361563138847                  0.015       0.45624721772509                     10
      345.0000163866207     0.5965733563703887                  0.015     0.4910554516062606                     10
      346.0000164341182     0.6213722731653849                  0.015     0.5326765750301392                     10
      347.0000164816156     0.4596127773060129                  0.015     0.9530990806284297                     10
      348.0000165291131     0.4666481834930797                  0.015     0.7758449239983094                     10
      349.0000165766105     0.5235512560962303                  0.015     0.3691268034344611                     10
       350.000016624108     0.4905507089459469                  0.015     0.4477380818433246                     10
      351.0000166716054     0.5038210012829129                  0.015     0.3940860557355504                     10
      352.0000167191029     0.4721452452634787                  0.015     0.6476447505564442                     10
      353.0000167666003     0.5207852428595492                  0.015      0.362901569861899                     10
      354.0000168140978     0.4884604525412493                  0.015     0.4418241501087624                     10
      355.0000168615952       0.60468072821858                  0.015     0.5017282967611675                     10
      356.0000169090927     0.5324356574112259                  0.015     0.3568722989966055                     10
      357.0000169565901     0.5471439176547614                  0.015     0.3728484256081504                     10
      358.0000170040876     0.4991386142197926                  0.015     0.3889015657079718                     10
       359.000017051585     0.4651301300715725                  0.015      0.754558038729415                     10
      360.0000170990825     0.5581096228197777                  0.015     0.3840388572998384                     10
      361.0000171465799     0.6262230380119594                  0.015     0.5190256322526848                     10
      362.0000171940774     0.6664241231566328                  0.015     0.5249867082455462                     10
      363.0000172415748     0.7623695252775656                  0.015     0.6787471555858516                     10
      364.0000172890723     0.7805106401367164                  0.015     0.6799270412632362                     10
      365.0000173365697     0.6487983786625442                  0.015     0.5343301120863935                     10
      366.0000173840672      0.745502182294335                  0.015     0.6273516746028324                     10
      367.0000174315646     0.8216099204331445                  0.015     0.8269887856960431                     10
      368.0000174790621     0.8221762105991576                  0.015     0.8009894725197018                     10
      369.0000175265595     0.8050614679146828                  0.015     0.7347312523408829                     10
       370.000017574057     0.8997650172119963                  0.015      1.235892424911308                     10
      371.0000176215544     0.9201584375708279                  0.015      1.345830799906547                     10
      372.0000176690519     0.9296419957850467                  0.015      1.347473307953908                     10
      373.0000177165493     0.9035028920461788                  0.015      1.155981273512263                     10
      374.0000177640468     0.9120838032536931                  0.015      1.141870694937654                     10
      375.0000178115442     0.8498127435313856                  0.015      0.948324247423265                     10
      376.0000178590417      0.860456626843518                  0.015      1.059713458579452                     10
      377.0000179065391     0.8789635995872715                  0.015      1.100429682942124                     10
      378.0000179540366     0.8822968868270851                  0.015      1.045175716506476                     10
       379.000018001534     0.9172382604885249                  0.015      1.116560783510871                     10
      380.0000180490315     0.9131295893501959                  0.015      1.041175320221472                     10
      381.0000180965289      0.785437062950458                  0.015     0.6612811941389724                     10
      382.0000181440264     0.8679059028244764                  0.015      1.020264506635452                     10
      383.0000181915238     0.8807577046358184                  0.015     0.9716827536414108                     10
      384.0000182390213      1.054498144627867                  0.015      1.666666666666667                     10
      385.0000182865188      1.043503646271612                  0.015      1.583673834992472                     10
      386.0000183340162     0.9703832779235895                  0.015      1.444133336968535                     10
      387.0000183815137      1.000142001965201                  0.015       1.62934802516293                     10
      388.0000184290111     0.9876047443500542                  0.015      1.463265233335259                     10
      389.0000184765086     0.9909598215504348                  0.015      1.400935216697104                     10
       390.000018524006       1.02901147826741                  0.015      1.554927275846029                     10
      391.0000185715035      1.038147380176642                  0.015      1.432400109843916                     10
      392.0000186190009      1.017032849324118                  0.015      1.449210548250423                     10
      393.0000186664984      1.047022402426088                  0.015      1.354129661038543                     10
      394.0000187139958     0.9827005847789932                  0.015       1.28219413317131                     10
      395.0000187614933     0.9205141282718837                  0.015      1.053369188140404                     10
      396.0000188089907     0.9056948626981659                  0.015     0.9369500007660087                     10
      397.0000188564882      1.025529218706262                  0.015      1.318711676435215                     10
      398.0000189039856     0.9565905264742653                  0.015      1.307915989026714                     10
      399.0000189514831      1.096498749769242                  0.015       1.66388843515613                     10
      400.0000189989805      1.076528574371713                  0.015      1.559557565945036                     10
       401.000019046478     0.9750129656807668                  0.015       1.19035737906646                     10
      402.0000190939754     0.9282345081110954                  0.015      1.082479353135054                     10
      403.0000191414729     0.9610970437031878                  0.015      1.179336651261109                     10
      404.0000191889703     0.9627285487098403                  0.015      1.116471732573833                     10
      405.0000192364678     0.9256441169199908                  0.015     0.9975459303526479                     10
      406.0000192839652      0.950895174035718                  0.015      1.132805114140708                     10
      407.0000193314627     0.9586539667173182                  0.015       1.04468873868036                     10
      408.0000193789601      1.045720413938198                  0.015      1.239139712132476                     10
      409.0000194264576     0.9900078222105207                  0.015      1.171688935456714                     10
       410.000019473955      1.014296768210521                  0.015      1.276795774125648                     10
      411.0000195214525       1.03346813352978                  0.015      1.149811826443396                     10
      412.0000195689499      1.101281973641534                  0.015      1.538516481162413                     10
      413.0000196164474      1.122179797942394                  0.015      1.602291635413072                     10
      414.0000196639448      1.138172865595258                  0.015      1.600049741727202                     10
      415.0000197114423      1.142604935654821                  0.015      1.525042077824156                     10
      416.0000197589397      1.201613523161728                  0.015      1.666666666666667                     10
      417.0000198064372      1.144407849661782                  0.015      1.445517009085912                     10
      418.0000198539346      1.079976526316368                  0.015      1.434019978424732                     10
      419.0000199014321      1.118567831000828                  0.015      1.395641163235377                     10
      420.0000199489295      1.179573573966213                  0.015      1.616160073191616                     10
       421.000019996427      1.127817984636103                  0.015      1.302249005871432                     10
      422.0000200439245      1.186470065131989                  0.015      1.506888741112208                     10
      423.0000200914219      1.236841304887149                  0.015      1.659331860990223                     10
      424.0000201389194      1.344319115906945                  0.015      1.666666666666667                     10
      425.0000201864168      1.267151521378039                  0.015      1.652332657723649                     10
      426.0000202339143      1.287841789413763                  0.015      1.624380994841579                     10
      427.0000202814117       1.29958429048099                  0.015      1.577293688877244                     10
      428.0000203289092      1.265973511850524                  0.015      1.502391405503027                     10
      429.0000203764066      1.249241402669458                  0.015      1.485452379056451                     10
      430.0000204239041      1.324132401088683                  0.015      1.590009394300839                     10
      431.0000204714015      1.354441568021276                  0.015      1.567265632135286                     10
       432.000020518899      1.318055252636862                  0.015      1.485705272155944                     10
      433.0000205663964      1.352120884906502                  0.015       1.45438270458481                     10
      434.0000206138939      1.244993834330247                  0.015      1.417938563985791                     10
      435.0000206613913      1.174369240660887                  0.015      1.454845027141786                     10
      436.0000207088888      1.152852873811281                  0.015      1.361734267614354                     10
      437.0000207563862      1.263333456258914                  0.015      1.333259574310043                     10
      438.0000208038837      1.263999473653988                  0.015      1.265694398662945                     10
      439.0000208513811      1.307617465813583                  0.015      1.402443140019952                     10
      440.0000208988786      1.292276457741816                  0.015      1.337928277980867                     10
       441.000020946376      1.295191544312018                  0.015      1.269110460929467                     10
      442.0000209938735      1.429483421133086                  0.015      1.666666666666667                     10
      443.0000210413709      1.362405305167676                  0.015      1.454408537726456                     10
      444.0000210888684      1.518774172167948                  0.015      1.666666666666667                     10
      445.0000211363658       1.46334616175547                  0.015      1.657977602869829                     10
      446.0000211838633      1.453136473742676                  0.015      1.550881920635224                     10
      447.0000212313607      1.399347739385482                  0.015      1.645439777853709                     10
      448.0000212788582       1.41359028242269                  0.015      1.534707151144902                     10
      449.0000213263556      1.330739045288222                  0.015       1.33766050170758                     10
      450.0000213738531      1.396694752983794                  0.015       1.49307128639769                     10
      451.0000214213505      1.492876871981505                  0.015      1.623098614683706                     10
       452.000021468848      1.376027217876407                  0.015      1.462427137628828                     10
      453.0000215163454      1.385628691043285                  0.015      1.392555164182494                     10
      454.0000215638429      1.456564497669838                  0.015      1.451592498238786                     10
      455.0000216113403      1.619993536661515                  0.015      1.666666666666667                     10
      456.0000216588378      1.608820410432168                  0.015      1.584382546881194                     10
      457.0000217063352      1.542955615700123                  0.015      1.636165136748713                     10
      458.0000217538327      1.585995597793858                  0.015      1.623648501959171                     10
      459.0000218013301      1.519934001435614                  0.015      1.508651954404969                     10
      460.0000218488276      1.581755535797957                  0.015      1.538652711160319                     10
      461.0000218963251      1.565289314465208                  0.015      1.534471760706241                     10
      462.0000219438225      1.517612939135285                  0.015      1.421270484519461                     10
        463.00002199132      1.533579664075246                  0.015      1.397638314077092                     10
      464.0000220388174      1.649929602591222                  0.015      1.649083685742037                     10
      465.0000220863149      1.696530637050784                  0.015      1.665784007368289                     10
      466.0000221338123       1.74298271177345                  0.015      1.665747460175686                     10
      467.0000221813098      1.633463611292663                  0.015      1.511371246950236                     10
      468.0000222288072      1.539213268044301                  0.015      1.358250533601254                     10
      469.0000222763047      1.442461567034519                  0.015      1.408413255947292                     10
      470.0000223238021      1.476146591453322                  0.015      1.458438374177358                     10
      471.0000223712996      1.391008120232698                  0.015      1.313831866094703                     10
       472.000022418797      1.506384947130165                  0.015      1.361301711671671                     10
      473.0000224662945      1.615249125989579                  0.015      1.405945655738791                     10
      474.0000225137919      1.387789349898558                  0.015      1.249350321649396                     10
      475.0000225612894      1.432128823404892                  0.015      1.366984266034911                     10
      476.0000226087868       1.49930486710094                  0.015      1.341246310176829                     10
      477.0000226562843      1.594021414025206                  0.015       1.38214554006326                     10
      478.0000227037817      1.535406851498305                  0.015      1.249942364350617                     10
      479.0000227512792      1.499378568111251                  0.015      1.267006905496347                     10
      480.0000227987766       1.44969082090562                  0.015      1.260681418621583                     10
      481.0000228462741      1.440241431376775                  0.015      1.221474038418793                     10
      482.0000228937715      1.383685013019918                  0.015      1.198477777279702                     10
       483.000022941269      1.384651108979116                  0.015      1.139278381088089                     10
      484.0000229887664      1.351825186053162                  0.015      1.238435724292886                     10
      485.0000230362639      1.402003604754185                  0.015       1.16829495427222                     10
      486.0000230837613      1.345046150038074                  0.015      1.196223929446471                     10
      487.0000231312588      1.355753240889551                  0.015      1.130247434248022                     10
      488.0000231787562      1.333213014058517                  0.015      1.177827954091435                     10
      489.0000232262537       1.45560881329443                  0.015      1.172855820477316                     10
      490.0000232737511      1.473064475688173                  0.015      1.262745758792261                     10
      491.0000233212486      1.426841883364561                  0.015      1.218051016777199                     10
       492.000023368746      1.413509061673953                  0.015      1.177503686849989                     10
      493.0000234162435      1.372547015726473                  0.015      1.089670819160919                     10
      494.0000234637409      1.423022865803687                  0.015      1.132036191473734                     10
      495.0000235112384      1.420996892958487                  0.015      1.084230185383033                     10
      496.0000235587358      1.346872493697602                  0.015      1.048413815581798                     10
      497.0000236062333      1.555673112313343                  0.015      1.366976049741437                     10
      498.0000236537308      1.558495685863388                  0.015      1.309924038767976                     10
      499.0000237012282       1.66386214641433                  0.015      1.572443550315223                     10
      500.0000237487257      1.698249186722727                  0.015      1.550814593733082                     10
      501.0000237962231      1.681143417343743                  0.015      1.489550361590672                     10
      502.0000238437206       1.87409687637687                  0.015      1.666666666666667                     10
       503.000023891218      1.846915642566938                  0.015      1.645238749916726                     10
      504.0000239387155      1.908687738361764                  0.015      1.658886697683088                     10
      505.0000239862129      1.821319828537187                  0.015      1.641163955034864                     10
      506.0000240337104       1.73113611530383                  0.015           1.5705662438                     10
      507.0000240812078      1.724550708121946                  0.015      1.486340429888762                     10
      508.0000241287053      1.675378348343339                  0.015      1.414931311518262                     10
      509.0000241762027      1.706698266886336                  0.015      1.395970295175857                     10
      510.0000242237002      1.900177616544382                  0.015      1.551882025113088                     10
      511.0000242711976      1.899343466842784                  0.015      1.458938179329952                     10
      512.0000243186951      1.951654913355199                  0.015      1.664407418854803                     10
      513.0000243661925      1.718396590831666                  0.015      1.351779840044618                     10
        514.00002441369      1.835997116310416                  0.015      1.517094643345803                     10
      515.0000244611874      1.785704798571144                  0.015      1.657851033017634                     10
      516.0000245086849      1.794103747160899                  0.015      1.552333425632151                     10
      517.0000245561823      1.802949519493382                  0.015      1.472328457184337                     10
      518.0000246036798      1.775847953166464                  0.015      1.504446883549936                     10
      519.0000246511772      1.998601204771207                  0.015      1.665837526224449                     10
      520.0000246986747      2.047742008630617                  0.015      1.666147664009681                     10
      521.0000247461721      2.099308552763632                  0.015      1.666364672900137                     10
      522.0000247936696      2.293655695595748                  0.015      1.666666666666667                     10
       523.000024841167      2.412388689189568                  0.015      1.666666666666667                     10
      524.0000248886645      2.321649093267378                  0.015       1.64725886844522                     10
      525.0000249361619      2.351522857928568                  0.015      1.651585664295937                     10
      526.0000249836594       2.52001522584304                  0.015      1.666666666666667                     10
      527.0000250311568        2.4713873043932                  0.015      1.666085854540858                     10
      528.0000250786543      2.304837215125013                  0.015      1.528756816950782                     10
      529.0000251261517      2.193506855253909                  0.015      1.666666666666667                     10
      530.0000251736492      2.294471335478067                  0.015      1.466742470183906                     10
      531.0000252211466      2.324852046902396                  0.015        1.4802864849219                     10
      532.0000252686441      2.301432985429363                  0.015      1.343744841451131                     10
      533.0000253161415      2.192580107580037                  0.015      1.559150861538646                     10
       534.000025363639        2.1352183598847                  0.015      1.660337016434054                     10
      535.0000254111364      2.195067156059203                  0.015      1.466258493278232                     10
      536.0000254586339      2.153822236794589                  0.015       1.60701505473635                     10
      537.0000255061314      2.094863999778299                  0.015      1.559902892478095                     10
      538.0000255536288      2.088893053325053                  0.015      1.489503396394732                     10
      539.0000256011263       2.09387802531123                  0.015      1.387180459139105                     10
      540.0000256486237      2.136188282350038                  0.015      1.500795019255436                     10
      541.0000256961212      2.170124015943158                  0.015       1.50844406958807                     10
      542.0000257436186      2.121030699030921                  0.015      1.450736746604788                     10
      543.0000257911161        2.1053341329255                  0.015      1.317185223725003                     10
      544.0000258386135      2.014511100695552                  0.015       1.59525131472216                     10
       545.000025886111      2.047903301647111                  0.015      1.546248504978476                     10
      546.0000259336084      1.973031484047516                  0.015      1.599404493987022                     10
      547.0000259811059      2.111875569481235                  0.015      1.286306640359583                     10
      548.0000260286033      2.225166424011958                  0.015      1.632100158358124                     10
      549.0000260761008      2.216604198942993                  0.015      1.485876035728812                     10
      550.0000261235982      2.392450149979543                  0.015      1.618664696894294                     10
      551.0000261710957      2.454726147139755                  0.015      1.605662969422522                     10
      552.0000262185931      2.437203804146963                  0.015      1.577027722554643                     10
      553.0000262660906      2.437235461634268                  0.015      1.480357258631492                     10
       554.000026313588      2.492018770008262                  0.015      1.600199606154723                     10
      555.0000263610855       2.47544197679647                  0.015      1.464055898968665                     10
      556.0000264085829       2.50068865239445                  0.015      1.495808299535454                     10
      557.0000264560804      2.681135066830571                  0.015      1.666666666666667                     10
      558.0000265035778      2.539391014959929                  0.015      1.614823971225061                     10
      559.0000265510753      2.582023718923479                  0.015      1.664768196826735                     10
      560.0000265985727      2.552121249907586                  0.015      1.567723414001386                     10
      561.0000266460702      2.611473262502161                  0.015      1.650553728044456                     10
      562.0000266935676      2.552192752512947                  0.015      1.472481367715363                     10
      563.0000267410651      2.542101918441553                  0.015        1.3821977689912                     10
      564.0000267885625      2.591352859511899                  0.015      1.528824592777199                     10
        565.00002683606      2.574370948913284                  0.015      1.442487393822435                     10
      566.0000268835574      2.713601737846696                  0.015      1.655998410395013                     10
      567.0000269310549      2.752131073331476                  0.015      1.662586978262715                     10
      568.0000269785523      2.758867645732209                  0.015      1.568106047452342                     10
      569.0000270260498      2.816263447655243                  0.015      1.666666666666667                     10
      570.0000270735472      2.881184415691345                  0.015      1.666666666666667                     10
      571.0000271210447       2.92754927856895                  0.015       1.66573033092452                     10
      572.0000271685421      2.886555258634528                  0.015      1.562933849988181                     10
      573.0000272160396       2.78467739824097                  0.015      1.620782066424601                     10
       574.000027263537      2.824733898357324                  0.015      1.571480012332825                     10
      575.0000273110345      2.716118235681601                  0.015       1.54673409001129                     10
       576.000027358532      2.643157200632781                  0.015      1.650267840611703                     10
      577.0000274060294      2.656212269213798                  0.015      1.565088884897147                     10
      578.0000274535269      2.670373143032436                  0.015       1.49869199807624                     10
      579.0000275010243      2.742137431865595                  0.015      1.488652459057552                     10
      580.0000275485218      2.744410308552547                  0.015      1.396035864879965                     10
      581.0000275960192      2.778163983168432                  0.015      1.489551830908548                     10
      582.0000276435167      2.760371943785579                  0.015      1.326211103603062                     10
      583.0000276910141      2.805668595371367                  0.015      1.482887828381478                     10
      584.0000277385116      2.951948483452876                  0.015      1.637278805528198                     10
       585.000027786009      2.967710484813577                  0.015       1.60188026159809                     10
      586.0000278335065      3.028092277221267                  0.015      1.666666666666667                     10
