#! FIELDS time h_bond sigma_h_bond height biasf
#! SET multivariate false
#! SET kerneltype gaussian
      1.000000047497451     0.4978416931050114                  0.015      1.666666666666667                     10
      2.000000094994903     0.4873878563673695                  0.015      1.581565170432805                     10
      3.000000142492354     0.5420243525692072                  0.015      1.665107255060988                     10
      4.000000189989805     0.5119883559242735                  0.015      1.556556114936995                     10
      5.000000237487257     0.5301169497488291                  0.015      1.528599823772207                     10
      6.000000284984708     0.5245787412191371                  0.015      1.432159369613536                     10
      7.000000332482159     0.5585890246488588                  0.015      1.583335627427354                     10
       8.00000037997961     0.5137816026393199                  0.015      1.359521698041759                     10
      9.000000427477062     0.4710198355002132                  0.015      1.583922241543314                     10
      10.00000047497451     0.5344217461396208                  0.015      1.328767424040302                     10
      11.00000052247196     0.5282150621235295                  0.015      1.238977504330962                     10
      12.00000056996942     0.5171787119441242                  0.015      1.201544028113424                     10
      13.00000061746687     0.6235838065404602                  0.015      1.666666666666667                     10
      14.00000066496432     0.5302017607537819                  0.015      1.145245783305724                     10
      15.00000071246177     0.5880791690608022                  0.015      1.643678988407197                     10
      16.00000075995922     0.5422236088055744                  0.015      1.213425716991452                     10
      17.00000080745667      0.557697634323702                  0.015      1.378604294964296                     10
      18.00000085495412     0.5514874765448727                  0.015      1.226203072311407                     10
      19.00000090245157     0.4972701608895513                  0.015      1.297726386559146                     10
      20.00000094994903     0.5096307960817216                  0.015      1.125692268625623                     10
      21.00000099744648     0.4813401106752909                  0.015      1.364694615854356                     10
      22.00000104494393     0.5542841681910555                  0.015      1.201428857364652                     10
      23.00000109244138     0.5112217719816522                  0.015      1.054907128936647                     10
      24.00000113993883     0.5914602321235564                  0.015      1.530417964821627                     10
      25.00000118743628     0.6013044273684278                  0.015      1.480034386061486                     10
      26.00000123493373     0.6209234857827709                  0.015      1.499177464522561                     10
      27.00000128243119     0.5566418616958704                  0.015      1.168974656402179                     10
      28.00000132992864     0.5810877724524482                  0.015      1.357355615240231                     10
      29.00000137742609     0.6577639010058676                  0.015      1.653507913698617                     10
      30.00000142492354     0.5356395678069259                  0.015     0.9721945766099525                     10
      31.00000147242099     0.5063207877641942                  0.015      1.039862955317499                     10
      32.00000151991844     0.5604455312978186                  0.015      1.127909944731526                     10
      33.00000156741589     0.5052259029656883                  0.015      1.006666206850127                     10
      34.00000161491334     0.5203051939189782                  0.015     0.8986233810679093                     10
       35.0000016624108     0.5914738934983296                  0.015      1.292140207937848                     10
      36.00000170990825     0.5002324928306914                  0.015     0.9996711047650024                     10
       37.0000017574057     0.5281921767720418                  0.015     0.8654806789242346                     10
      38.00000180490315     0.5743811659892437                  0.015       1.19219678164989                     10
       39.0000018524006      0.658473407224723                  0.015       1.54887250363954                     10
      40.00000189989805     0.5996298058802886                  0.015      1.248661641264577                     10
       41.0000019473955     0.6212081583374141                  0.015      1.367023436069738                     10
      42.00000199489295     0.6183912602397734                  0.015      1.274759274420265                     10
      43.00000204239041     0.6812389452852416                  0.015      1.602737459468438                     10
      44.00000208988786     0.6718753156079842                  0.015      1.452023605716794                     10
      45.00000213738531     0.7196318142632806                  0.015      1.662015131246866                     10
      46.00000218488276     0.6957372877471516                  0.015      1.537042955236585                     10
      47.00000223238021     0.7812965911078492                  0.015      1.666666666666667                     10
      48.00000227987766     0.7115163146675867                  0.015      1.503027446015168                     10
      49.00000232737511     0.7618091609751713                  0.015      1.617099794454556                     10
      50.00000237487257     0.8211186278028223                  0.015      1.663387292527243                     10
      51.00000242237002     0.7390073726320675                  0.015       1.56520976327227                     10
      52.00000246986747     0.7636835047702596                  0.015      1.485596588870411                     10
      53.00000251736492     0.7608950573792146                  0.015      1.401679035183747                     10
      54.00000256486237     0.7515169609070083                  0.015       1.36097450686539                     10
      55.00000261235982     0.7977709679560935                  0.015      1.557423143818195                     10
      56.00000265985727      0.833415080531973                  0.015      1.583130997891949                     10
      57.00000270735472     0.8383936452611735                  0.015      1.514077703720669                     10
      58.00000275485218     0.8025165635482092                  0.015      1.462075620782288                     10
      59.00000280234963     0.7927743740058742                  0.015      1.373109544372159                     10
      60.00000284984708     0.7753143480915595                  0.015      1.280521495079192                     10
      61.00000289734453     0.7774904382760017                  0.015      1.221969024903357                     10
      62.00000294484198     0.8109917452751426                  0.015      1.335744241828755                     10
      63.00000299233943     0.8249273542987735                  0.015      1.321077950869339                     10
      64.00000303983688     0.7064259893461725                  0.015       1.39630483793338                     10
      65.00000308733433     0.7451991788443783                  0.015       1.30896361872442                     10
      66.00000313483179     0.7241959049791586                  0.015      1.336037258345157                     10
      67.00000318232924     0.6543566026974826                  0.015      1.379558848439675                     10
      68.00000322982669     0.6954661815054887                  0.015      1.322464084558961                     10
      69.00000327732414     0.7126194009631281                  0.015      1.233480743389673                     10
      70.00000332482159     0.7255662125386138                  0.015      1.215923446602844                     10
      71.00000337231904     0.6715530440270726                  0.015      1.279256984118179                     10
      72.00000341981649     0.7018052701882267                  0.015       1.16754502631336                     10
      73.00000346731395     0.6454651182176417                  0.015      1.325358682823533                     10
       74.0000035148114     0.5856339864956263                  0.015      1.127394389718947                     10
      75.00000356230885     0.6169179883731459                  0.015      1.182982290936966                     10
       76.0000036098063     0.5870228854186371                  0.015      1.069964056045744                     10
      77.00000365730375     0.6094492187092172                  0.015      1.087157297534245                     10
       78.0000037048012     0.5554385028843136                  0.015     0.9801513332607232                     10
      79.00000375229865      0.707305639334627                  0.015      1.096246072564422                     10
       80.0000037997961     0.6796768860378318                  0.015      1.190794573185697                     10
      81.00000384729356      0.639822404757303                  0.015      1.244094933041699                     10
      82.00000389479101     0.6950208806165861                  0.015      1.082471530375148                     10
      83.00000394228846     0.6666788051370083                  0.015      1.129277695666015                     10
      84.00000398978591     0.6864270276821705                  0.015      1.058577241539816                     10
      85.00000403728336     0.6590630007976992                  0.015       1.09113643219941                     10
      86.00000408478081     0.6518085527036618                  0.015      1.088361073775012                     10
      87.00000413227826     0.7316797146759888                  0.015      1.155829067578811                     10
      88.00000417977571     0.7454151583470999                  0.015      1.147507759321376                     10
      89.00000422727317     0.7180478754921333                  0.015      1.008148167536415                     10
      90.00000427477062     0.6901144918524569                  0.015     0.9896795015127019                     10
      91.00000432226807     0.7393328009291668                  0.015      1.074575856463478                     10
      92.00000436976552     0.6812546395784621                  0.015     0.9708329559812318                     10
      93.00000441726297     0.7162662722802678                  0.015     0.9379697891330452                     10
      94.00000446476042     0.6527496113353595                  0.015      1.027479443131659                     10
      95.00000451225787     0.6401855231797208                  0.015      1.079923951709371                     10
      96.00000455975533     0.7578878679918506                  0.015      1.074896392934138                     10
      97.00000460725278     0.7157814990475266                  0.015     0.9009800546204735                     10
      98.00000465475023     0.6156580874255974                  0.015      1.039671322598561                     10
      99.00000470224768     0.6583653724961092                  0.015      0.933226351780849                     10
      100.0000047497451     0.6296500577477772                  0.015      1.027872860434634                     10
      101.0000047972426     0.6345762727547308                  0.015     0.9867069947084813                     10
        102.00000484474     0.6631153961149975                  0.015     0.8841491791778766                     10
      103.0000048922375     0.6786860815696656                  0.015     0.8913408709579688                     10
      104.0000049397349      0.746979738038885                  0.015       1.00602875103516                     10
      105.0000049872324     0.7980571786658144                  0.015      1.201426818733336                     10
      106.0000050347298     0.6593731930344413                  0.015      0.839549287645311                     10
      107.0000050822273     0.5966116799716898                  0.015     0.9783610369550502                     10
      108.0000051297247     0.5789144296740867                  0.015      1.002907661463471                     10
      109.0000051772222     0.4787856053034121                  0.015      1.271829279839912                     10
      110.0000052247196     0.5475076437869958                  0.015     0.8936577112370196                     10
      111.0000052722171      0.580280438583395                  0.015     0.9550690217689684                     10
      112.0000053197145     0.5392702490923987                  0.015     0.8344913076668888                     10
       113.000005367212     0.5484855205146821                  0.015     0.8392214297776194                     10
      114.0000054147094     0.5601295484703912                  0.015     0.8814245901487867                     10
      115.0000054622069      0.558770270019441                  0.015     0.8423729226847226                     10
      116.0000055097044     0.4985651705308668                  0.015     0.9534808532107459                     10
      117.0000055572018     0.5719920249743649                  0.015     0.8836865777962966                     10
      118.0000056046993     0.6281767345682053                  0.015     0.9393703833597707                     10
      119.0000056521967       0.52952961153684                  0.015     0.7720744357640811                     10
      120.0000056996942     0.5316483345068168                  0.015     0.7457958099206182                     10
      121.0000057471916     0.4782527156647679                  0.015       1.19783759747898                     10
      122.0000057946891     0.5195213518637727                  0.015     0.7545420585997323                     10
      123.0000058421865     0.4868811723966328                  0.015       1.01949275137516                     10
       124.000005889684     0.5432568038881096                  0.015     0.7203810122703151                     10
      125.0000059371814     0.5209656425870347                  0.015     0.7177143274160034                     10
      126.0000059846789     0.5910695191878406                  0.015     0.8745349927144597                     10
      127.0000060321763     0.6058077427788253                  0.015     0.8874275604376425                     10
      128.0000060796738     0.5073397542262791                  0.015     0.7747989715335901                     10
      129.0000061271712      0.617661287728335                  0.015     0.8760612964121284                     10
      130.0000061746687     0.6298007057496281                  0.015     0.8721702755148554                     10
      131.0000062221661     0.6819931511167381                  0.015     0.8560983344574459                     10
      132.0000062696636     0.8131046573654185                  0.015      1.190960435930138                     10
       133.000006317161     0.9103768100440384                  0.015      1.666666666666667                     10
      134.0000063646585     0.8776489088300203                  0.015      1.651659649030553                     10
      135.0000064121559     0.8533362504653916                  0.015      1.509514426432336                     10
      136.0000064596534     0.8722804745017605                  0.015      1.508867891039311                     10
      137.0000065071508      0.870331736853696                  0.015      1.416374585191249                     10
      138.0000065546483     0.8866141069816463                  0.015      1.434689268789748                     10
      139.0000066021457     0.9003125496769202                  0.015      1.461870629938633                     10
      140.0000066496432     0.9049655473775653                  0.015      1.408876529599949                     10
      141.0000066971406     0.6915506358612215                  0.015     0.8425099089463011                     10
      142.0000067446381     0.7444787033031763                  0.015     0.9619365799661361                     10
      143.0000067921355     0.7614012939694915                  0.015     0.9915331680179024                     10
       144.000006839633     0.7041638390823467                  0.015     0.8244162513993145                     10
      145.0000068871304     0.7641617898501138                  0.015     0.9708958650998497                     10
      146.0000069346279     0.7917303949091163                  0.015      1.099845206173847                     10
      147.0000069821253      0.757778570547297                  0.015     0.8976876253899454                     10
      148.0000070296228     0.8422421196769145                  0.015      1.298341812240919                     10
      149.0000070771202     0.9236948052511013                  0.015      1.520401054795039                     10
      150.0000071246177      1.048022360685512                  0.015      1.666666666666667                     10
      151.0000071721151     0.8870066751291745                  0.015       1.26481304475914                     10
      152.0000072196126     0.9460667539349958                  0.015      1.624107912402121                     10
        153.00000726711     0.9491165846063917                  0.015      1.535925876516153                     10
      154.0000073146075     0.9678313614886614                  0.015      1.582517233235253                     10
       155.000007362105     0.9509719828340686                  0.015      1.405208529417502                     10
      156.0000074096024     0.8671489983609045                  0.015      1.249734483729303                     10
      157.0000074570999     0.8639913222119917                  0.015      1.202873948374108                     10
      158.0000075045973     0.8279977564036093                  0.015      1.156044265020781                     10
      159.0000075520948     0.7935453569752833                  0.015      1.049208580536676                     10
      160.0000075995922     0.8833509529385596                  0.015      1.143148474437093                     10
      161.0000076470897     0.9074057856509287                  0.015      1.253712645014801                     10
      162.0000076945871     0.9272219810693457                  0.015      1.339230500293336                     10
      163.0000077420846     0.9457862145498309                  0.015      1.293639390960162                     10
       164.000007789582       1.00169449992357                  0.015       1.65703833783216                     10
      165.0000078370795      1.009256263398311                  0.015      1.566044116482489                     10
      166.0000078845769     0.9423458072353899                  0.015      1.226842444355957                     10
      167.0000079320744     0.9651051055460772                  0.015      1.353004425100685                     10
      168.0000079795718     0.9887038435703551                  0.015      1.483010737637287                     10
      169.0000080270693      1.016623458406961                  0.015       1.48624787531735                     10
      170.0000080745667      1.077036187426819                  0.015      1.649599849505705                     10
      171.0000081220642      1.069712474358426                  0.015      1.535156636583219                     10
      172.0000081695616       1.10855916734701                  0.015      1.651040110009373                     10
      173.0000082170591      1.165192762784058                  0.015      1.666666666666667                     10
      174.0000082645565      1.144978879947297                  0.015      1.616725856343725                     10
       175.000008312054       1.02978179505389                  0.015      1.489742986121953                     10
      176.0000083595514      1.048176113050551                  0.015      1.453929650177343                     10
      177.0000084070489       1.12330590303363                  0.015      1.560821991660595                     10
      178.0000084545463      1.076206949454036                  0.015      1.432952491064901                     10
      179.0000085020438      1.146639782255073                  0.015      1.482917551465697                     10
      180.0000085495412       1.19749158790043                  0.015      1.655388095077127                     10
      181.0000085970387      1.038273055821054                  0.015      1.367647359579516                     10
      182.0000086445361      1.076742651349531                  0.015      1.352548379996518                     10
      183.0000086920336      1.021813829671239                  0.015      1.308445132127931                     10
       184.000008739531      0.989103470427031                  0.015      1.373004184810706                     10
      185.0000087870285      1.091196884124441                  0.015      1.398061648875246                     10
      186.0000088345259      1.079225968251913                  0.015      1.243342720040139                     10
      187.0000088820234      1.066601374221536                  0.015      1.204915888208337                     10
      188.0000089295208      1.215141561371918                  0.015      1.611801619300535                     10
      189.0000089770183      1.128304713983096                  0.015      1.425145130471713                     10
      190.0000090245157      1.128242393699942                  0.015      1.346092867643422                     10
      191.0000090720132      1.176093100704328                  0.015      1.516402933284859                     10
      192.0000091195107      1.188910059076729                  0.015      1.458075198979593                     10
      193.0000091670081      1.195321150308397                  0.015       1.38909075432096                     10
      194.0000092145056      1.269817410703109                  0.015       1.66666560130334                     10
       195.000009262003      1.324284829669908                  0.015      1.666651796921783                     10
      196.0000093095005      1.276278660490546                  0.015      1.567576892771542                     10
      197.0000093569979      1.236942409977404                  0.015      1.610685519072217                     10
      198.0000094044954      1.194812800504899                  0.015      1.310870621056312                     10
      199.0000094519928      1.308810907234221                  0.015       1.58933728150429                     10
      200.0000094994903      1.272065476913805                  0.015       1.45781163694613                     10
      201.0000095469877      1.261639524519439                  0.015      1.420012872641644                     10
      202.0000095944852      1.298306259733123                  0.015      1.489045511654358                     10
      203.0000096419826      1.332078373912668                  0.015      1.535071795495098                     10
      204.0000096894801      1.414376960591937                  0.015      1.666666666666667                     10
      205.0000097369775      1.377172300844344                  0.015      1.660261693792144                     10
       206.000009784475      1.307487491327438                  0.015      1.393630684505323                     10
      207.0000098319724       1.21591982754643                  0.015      1.398723562361359                     10
      208.0000098794699      1.292576384642165                  0.015      1.337742930668685                     10
      209.0000099269673      1.230945763309796                  0.015      1.427504396848416                     10
      210.0000099744648      1.242455766921015                  0.015      1.392332611736027                     10
      211.0000100219622      1.151368798985249                  0.015      1.329870989838289                     10
      212.0000100694597      1.243194328899486                  0.015      1.317974287775981                     10
      213.0000101169571      1.263070150831013                  0.015      1.252381046165878                     10
      214.0000101644546      1.264005749557993                  0.015      1.189837295235606                     10
       215.000010211952      1.393178696292143                  0.015      1.566020294546208                     10
      216.0000102594495      1.305475236081082                  0.015      1.269606272368778                     10
      217.0000103069469      1.334522600523704                  0.015      1.430753207805575                     10
      218.0000103544444      1.336887512777837                  0.015      1.375998795699113                     10
      219.0000104019418      1.306813093784468                  0.015      1.188037280238905                     10
      220.0000104494393      1.280550751895041                  0.015      1.163409026730859                     10
      221.0000104969367      1.333950529087616                  0.015      1.262553939333137                     10
      222.0000105444342      1.365514030847886                  0.015      1.524880890060835                     10
      223.0000105919316      1.325576963455158                  0.015      1.141920086178905                     10
      224.0000106394291      1.272630958345444                  0.015      1.092664549613265                     10
      225.0000106869265      1.211218233076101                  0.015      1.240828509456221                     10
       226.000010734424      1.242041231737538                  0.015      1.189548528037096                     10
      227.0000107819214      1.147839228028202                  0.015      1.249923854098427                     10
      228.0000108294189      1.246711676479069                  0.015      1.119989970946246                     10
      229.0000108769163      1.171030298328083                  0.015      1.278438222724747                     10
      230.0000109244138      1.107671389782182                  0.015      1.342310934118083                     10
      231.0000109719113     0.9742359576429315                  0.015      1.298568548561829                     10
      232.0000110194087     0.9949850433471064                  0.015      1.254695102321208                     10
      233.0000110669062      1.014988226715152                  0.015      1.208002887374164                     10
      234.0000111144036     0.9333868738574356                  0.015      1.180026728759669                     10
      235.0000111619011     0.9907185547958941                  0.015      1.183258711542574                     10
      236.0000112093985       1.01764677518172                  0.015      1.145987571169528                     10
       237.000011256896      1.047475840244831                  0.015      1.224275810468817                     10
      238.0000113043934      1.050877639338265                  0.015      1.164452304985868                     10
      239.0000113518909     0.9956217102890439                  0.015      1.098899022569801                     10
      240.0000113993883     0.9914835832625096                  0.015      1.068598965482246                     10
      241.0000114468858      0.936492235868555                  0.015      1.113197108316127                     10
      242.0000114943832     0.9515216992483368                  0.015      1.071036663670262                     10
      243.0000115418807     0.9023197864063994                  0.015      1.130732231498916                     10
      244.0000115893781     0.9042885291368146                  0.015      1.084664818262286                     10
      245.0000116368756     0.9565731261362651                  0.015      1.053410566444527                     10
       246.000011684373     0.8916966481550944                  0.015      1.030632108826344                     10
      247.0000117318705     0.8826206918027835                  0.015      1.002894884703918                     10
      248.0000117793679     0.8633536315558666                  0.015      1.093478635357812                     10
      249.0000118268654     0.8354909818845617                  0.015      1.121652667940569                     10
      250.0000118743628     0.8450964563754513                  0.015      1.101138909285475                     10
      251.0000119218603     0.8517259899915521                  0.015      1.057802884233638                     10
      252.0000119693577     0.8391825771720881                  0.015      1.010364511585557                     10
      253.0000120168552     0.8535556036767972                  0.015     0.9863068252287951                     10
      254.0000120643526     0.7910018812904061                  0.015      1.002281930242414                     10
      255.0000121118501     0.8572713742669805                  0.015     0.9480904369565761                     10
      256.0000121593475     0.7932970992344524                  0.015     0.9652520236832351                     10
       257.000012206845     0.7947741607307447                  0.015     0.9308065933192149                     10
      258.0000122543424     0.7719260558260865                  0.015     0.8992889989308046                     10
      259.0000123018399     0.8003451636834636                  0.015     0.9086317462580666                     10
      260.0000123493373     0.8208789045689038                  0.015     0.9699623624539877                     10
      261.0000123968348     0.9528911742158528                  0.015     0.9906462164244392                     10
      262.0000124443322     0.8796639422529874                  0.015     0.9188739713025735                     10
      263.0000124918297     0.7811629919479993                  0.015     0.8634944950281888                     10
      264.0000125393271       0.86296851518063                  0.015     0.8927432698680621                     10
      265.0000125868246     0.8538168732848666                  0.015     0.8764833057839264                     10
       266.000012634322     0.8597662312453123                  0.015     0.8384866480766895                     10
      267.0000126818195     0.7617976203494256                  0.015     0.8285473634155358                     10
      268.0000127293169     0.8739333545647309                  0.015     0.8281027682320917                     10
      269.0000127768144     0.9262051286436271                  0.015      1.051725805377822                     10
      270.0000128243119     0.9253164507217637                  0.015      1.011218787848155                     10
      271.0000128718093     0.8417786036641638                  0.015     0.8558450501805035                     10
      272.0000129193068     0.8061014154355144                  0.015     0.8778551917971207                     10
      273.0000129668042     0.8182277166071577                  0.015     0.8945248797136884                     10
      274.0000130143017     0.8732745335942629                  0.015     0.7959567206377047                     10
      275.0000130617991     0.8615317119555148                  0.015     0.7610076215855143                     10
      276.0000131092966     0.9805903381268287                  0.015      1.065287674865339                     10
       277.000013156794     0.9129748661287672                  0.015     0.9754180857531177                     10
      278.0000132042915     0.9002893115692474                  0.015     0.9002596360293913                     10
      279.0000132517889     0.9024924601887013                  0.015     0.8765187326757284                     10
      280.0000132992864     0.9252971179512077                  0.015     0.9255509517818161                     10
      281.0000133467838     0.8400901776268332                  0.015     0.8104158888127551                     10
      282.0000133942813     0.8358344094849463                  0.015     0.8022837565988158                     10
      283.0000134417787      0.926498554087828                  0.015     0.8923525074494106                     10
      284.0000134892762     0.8836772452577361                  0.015     0.7793941953811513                     10
      285.0000135367736     0.9828610065590113                  0.015      1.012798527481852                     10
      286.0000135842711      1.002103652865889                  0.015     0.9710430652873792                     10
      287.0000136317685      0.862612641366145                  0.015     0.7143169688409146                     10
       288.000013679266     0.9233203411513199                  0.015     0.8587278769832315                     10
      289.0000137267634      0.917131986626718                  0.015     0.8241085080660144                     10
      290.0000137742609     0.9046856069090093                  0.015     0.7898966941314198                     10
      291.0000138217583     0.9036618623371364                  0.015      0.764864466632008                     10
      292.0000138692558     0.9495089595220609                  0.015     0.8815866350743622                     10
      293.0000139167532     0.8859039922806116                  0.015     0.7313502952563764                     10
      294.0000139642507     0.9116150686404898                  0.015     0.7444643941393657                     10
      295.0000140117481     0.9517773650683686                  0.015     0.8644045612747545                     10
      296.0000140592456     0.9425329616722289                  0.015     0.7941814335362564                     10
       297.000014106743     0.9759559110224978                  0.015     0.9667373234727055                     10
      298.0000141542405     0.9623918510913471                  0.015     0.8837597371675051                     10
      299.0000142017379     0.9034785155053691                  0.015     0.7111188732837138                     10
      300.0000142492354     0.9506765490646717                  0.015     0.7773335946768171                     10
      301.0000142967328     0.9377483466658675                  0.015     0.7356367698403476                     10
      302.0000143442303     0.9244399922672649                  0.015      0.717829617904321                     10
      303.0000143917277     0.9178979346425696                  0.015      0.689770373771156                     10
      304.0000144392252     0.9883496574643583                  0.015     0.8954923204441346                     10
      305.0000144867226     0.9277805375393888                  0.015     0.6841794285162769                     10
      306.0000145342201      0.904453415872126                  0.015     0.6635093423171541                     10
      307.0000145817176     0.8860032426427528                  0.015     0.6835734946995039                     10
       308.000014629215     0.8237650122448725                  0.015     0.8264364332857007                     10
      309.0000146767125     0.7482096147975587                  0.015     0.8299272133296532                     10
      310.0000147242099     0.8260938141710332                  0.015     0.7913299639335812                     10
      311.0000147717074     0.7798903621039092                  0.015     0.8114222388406139                     10
      312.0000148192048      0.856980571597603                  0.015     0.6898316317633495                     10
      313.0000148667023     0.8964929567267754                  0.015     0.6502510872820231                     10
      314.0000149141997     0.8509846620440518                  0.015     0.6847365095884352                     10
      315.0000149616972     0.9994300994104187                  0.015     0.8884613361459656                     10
      316.0000150091946      0.924264293914674                  0.015     0.6509296100011687                     10
      317.0000150566921     0.7715173959434708                  0.015     0.7827957132334873                     10
      318.0000151041895     0.7763491868824524                  0.015     0.7630599227783844                     10
       319.000015151687      0.821229112408884                  0.015      0.777972806171684                     10
      320.0000151991844      0.797715658863498                  0.015     0.7558261054802669                     10
      321.0000152466819     0.7973535561940781                  0.015      0.732637483997801                     10
      322.0000152941793     0.7385939419475004                  0.015     0.8419233122365873                     10
      323.0000153416768     0.7634682169006421                  0.015     0.7265463494037123                     10
      324.0000153891742     0.8259400005866725                  0.015     0.7296785588559399                     10
      325.0000154366717     0.7345484683075565                  0.015     0.8250787655315448                     10
      326.0000154841691     0.7205651022306111                  0.015      0.809065875793557                     10
      327.0000155316666     0.7292800479216566                  0.015     0.7881205700941837                     10
       328.000015579164      0.698790451422091                  0.015     0.7802649634414236                     10
      329.0000156266615     0.7626363893849903                  0.015     0.6998895627414302                     10
      330.0000156741589     0.7322485031520418                  0.015     0.7568930589593804                     10
      331.0000157216564     0.7699967216149936                  0.015     0.6858975521098047                     10
      332.0000157691538     0.8112339655833809                  0.015     0.7296423427545743                     10
      333.0000158166513     0.9623946370717588                  0.015     0.8156477131165681                     10
      334.0000158641487      0.966381880244318                  0.015     0.8175674849056592                     10
      335.0000159116462      1.086416168647393                  0.015      1.172239586989157                     10
      336.0000159591436      1.060827739393937                  0.015      1.087310828755369                     10
      337.0000160066411      1.018480376819722                  0.015      1.011052508084062                     10
      338.0000160541385       1.03555283996637                  0.015      1.073614599167663                     10
       339.000016101636       1.05751794846558                  0.015       1.03369129748319                     10
      340.0000161491334      1.048027894349475                  0.015      1.004596421421104                     10
      341.0000161966309      1.024298550723598                  0.015     0.9701005514877645                     10
      342.0000162441283     0.8116499044833818                  0.015      0.708929028935778                     10
      343.0000162916258     0.8343831096605653                  0.015     0.6746547297005744                     10
      344.0000163391232     0.7938511117490871                  0.015     0.6747474737204745                     10
      345.0000163866207     0.8747480145873533                  0.015     0.6465194629889958                     10
      346.0000164341182     0.8778101804364146                  0.015     0.6318830561549544                     10
      347.0000164816156     0.8074019960113809                  0.015      0.669367179120778                     10
      348.0000165291131      1.001652229986529                  0.015     0.8345971563691018                     10
      349.0000165766105     0.9825241395423193                  0.015     0.8133267865724678                     10
       350.000016624108     0.9294873730736329                  0.015     0.6421841842002365                     10
      351.0000166716054       1.05771829734489                  0.015     0.9565030524061069                     10
      352.0000167191029     0.9971393243341877                  0.015     0.7807605189737908                     10
      353.0000167666003     0.9342290843578783                  0.015     0.6337665316165787                     10
      354.0000168140978      1.046182418192528                  0.015     0.9275072924705741                     10
      355.0000168615952      1.014283476573723                  0.015     0.8478691417856307                     10
      356.0000169090927     0.9725775407726623                  0.015      0.786243422966412                     10
      357.0000169565901     0.9579860756907526                  0.015     0.7040084833408919                     10
      358.0000170040876     0.8598646965258454                  0.015     0.6250648922862388                     10
       359.000017051585     0.9063122386340113                  0.015     0.6030747315293292                     10
      360.0000170990825     0.9727822807865635                  0.015     0.7488889047698867                     10
      361.0000171465799     0.9950675844969989                  0.015     0.7260119762898744                     10
      362.0000171940774      0.877920470625799                  0.015     0.6062308955381103                     10
      363.0000172415748      1.002279484311529                  0.015     0.7296945320320953                     10
      364.0000172890723      1.089686184092866                  0.015      1.128310634483495                     10
      365.0000173365697      1.112868404332148                  0.015      1.229594890316053                     10
      366.0000173840672      1.179938108827464                  0.015      1.201894000625957                     10
      367.0000174315646        1.1642306254711                  0.015      1.173787789329032                     10
      368.0000174790621      1.110725033398092                  0.015      1.169812232120183                     10
      369.0000175265595       1.10043539859261                  0.015      1.101832009024674                     10
       370.000017574057      1.120300069819417                  0.015      1.102889093363653                     10
      371.0000176215544      1.117751967674869                  0.015      1.048796168657175                     10
      372.0000176690519       1.22215057130899                  0.015      1.164080848007752                     10
      373.0000177165493      1.237695483400661                  0.015       1.07414708994615                     10
      374.0000177640468      1.221787373215597                  0.015      1.084737934207823                     10
      375.0000178115442      1.225461950206186                  0.015      1.026136217901173                     10
      376.0000178590417      1.192948486768812                  0.015      1.098420938883891                     10
      377.0000179065391      1.121135140529413                  0.015      1.015134190144641                     10
      378.0000179540366      1.169615011898364                  0.015      1.103062397782836                     10
       379.000018001534      1.164055726152984                  0.015      1.065412616847816                     10
      380.0000180490315      1.118530322696911                  0.015     0.9672743934353619                     10
      381.0000180965289      1.166032961446744                  0.015      1.017426839288821                     10
      382.0000181440264      1.209009844116548                  0.015      1.027401872734611                     10
      383.0000181915238      1.463671324312523                  0.015      1.666164273938687                     10
      384.0000182390213      1.540633808530687                  0.015      1.666666666666667                     10
      385.0000182865188      1.527408017299954                  0.015       1.59285244769417                     10
      386.0000183340162      1.559642136664404                  0.015      1.607281986911286                     10
      387.0000183815137      1.544042891405293                  0.015      1.453045464924357                     10
      388.0000184290111      1.583047543051237                  0.015      1.629885074778278                     10
      389.0000184765086      1.652355720525539                  0.015      1.666666666666667                     10
       390.000018524006      1.721961085799906                  0.015      1.666666666666667                     10
      391.0000185715035      1.702427140070383                  0.015      1.619229146107526                     10
      392.0000186190009      1.673920215243252                  0.015      1.609600763548357                     10
      393.0000186664984      1.763414575699759                  0.015      1.664224073861284                     10
      394.0000187139958      1.787033223506409                  0.015      1.634779349986548                     10
      395.0000187614933       1.74701965058227                  0.015       1.57602111504042                     10
      396.0000188089907      1.606149110492503                  0.015      1.631919891094459                     10
      397.0000188564882      1.720036236297017                  0.015      1.488612945245835                     10
      398.0000189039856      1.664493376401356                  0.015      1.502370964995629                     10
      399.0000189514831      1.655197732072934                  0.015      1.440670245888428                     10
      400.0000189989805      1.623371024047266                  0.015       1.57966307988655                     10
       401.000019046478      1.707899365321471                  0.015       1.42750955621764                     10
      402.0000190939754      1.787440653225469                  0.015      1.529805341703461                     10
      403.0000191414729       1.73131115628025                  0.015      1.405524632943829                     10
      404.0000191889703      1.669675726310202                  0.015      1.366718735677582                     10
      405.0000192364678      1.628881432613431                  0.015      1.480776418062896                     10
      406.0000192839652      1.646085767434599                  0.015      1.340416639501489                     10
      407.0000193314627      1.633672218488662                  0.015      1.336874044637127                     10
      408.0000193789601      1.741992147616286                  0.015      1.387890605900585                     10
      409.0000194264576       1.81226707326603                  0.015      1.614422523391779                     10
       410.000019473955      1.811046685423064                  0.015      1.506683405925565                     10
      411.0000195214525      1.841690440570318                  0.015      1.638415498193043                     10
      412.0000195689499      1.774329493414833                  0.015      1.416062498853113                     10
      413.0000196164474      1.770638284104628                  0.015      1.343013778671248                     10
      414.0000196639448      1.722892827731828                  0.015       1.26168345887731                     10
      415.0000197114423      1.691604049784817                  0.015      1.397004001887439                     10
      416.0000197589397      1.738193592565874                  0.015      1.246451097972693                     10
      417.0000198064372      1.746070498362971                  0.015      1.227436168212807                     10
      418.0000198539346      1.754237236164361                  0.015      1.208932543037491                     10
      419.0000199014321      1.744198316149291                  0.015      1.115425970929111                     10
      420.0000199489295      1.853375346440484                  0.015      1.583584199521803                     10
       421.000019996427      1.779471215780313                  0.015        1.2488095298196                     10
      422.0000200439245      1.886630533761416                  0.015       1.65640611551863                     10
      423.0000200914219      1.810780870976939                  0.015      1.390213786652115                     10
      424.0000201389194      1.756255796205821                  0.015      1.106598208289513                     10
      425.0000201864168      1.663828787035149                  0.015      1.217713246009544                     10
      426.0000202339143      1.672785604719421                  0.015      1.211192567726503                     10
      427.0000202814117      1.718366593950841                  0.015      1.142189519080448                     10
      428.0000203289092      1.678236021905978                  0.015      1.196922981200572                     10
      429.0000203764066      1.714941753274016                  0.015       1.11367594018756                     10
      430.0000204239041      1.633866909378474                  0.015      1.255026889734533                     10
      431.0000204714015      1.493782696068354                  0.015      1.642203489062281                     10
       432.000020518899      1.619689212702116                  0.015      1.301641969102802                     10
      433.0000205663964      1.595614544413729                  0.015      1.454591741788098                     10
      434.0000206138939      1.558511926715366                  0.015      1.418214584966746                     10
      435.0000206613913      1.492705144573215                  0.015      1.537234950285668                     10
      436.0000207088888      1.538133879024483                  0.015      1.341424188970544                     10
      437.0000207563862      1.593510407087928                  0.015      1.377340010469491                     10
      438.0000208038837      1.614799254483838                  0.015       1.22548127320915                     10
      439.0000208513811      1.675657326931541                  0.015      1.118419544153328                     10
      440.0000208988786      1.702710181618225                  0.015      1.157065879193722                     10
       441.000020946376      1.582896723861056                  0.015      1.341067190550747                     10
      442.0000209938735        1.4061917375733                  0.015      1.489389721366718                     10
      443.0000210413709      1.484339513288346                  0.015      1.458171312192463                     10
      444.0000210888684      1.520425813448877                  0.015      1.419806027897712                     10
      445.0000211363658      1.436496484069183                  0.015      1.593995060746366                     10
      446.0000211838633      1.471909835570178                  0.015      1.435220628055177                     10
      447.0000212313607       1.38077614921059                  0.015      1.409880001872352                     10
      448.0000212788582      1.410759242436085                  0.015      1.389452727600386                     10
      449.0000213263556      1.355906550783427                  0.015      1.383648842904012                     10
      450.0000213738531      1.320030557862924                  0.015      1.074060794742963                     10
      451.0000214213505      1.353749173513242                  0.015      1.294063695184863                     10
       452.000021468848      1.458642387278198                  0.015      1.438574221839138                     10
      453.0000215163454      1.529550673240804                  0.015      1.274133306622173                     10
      454.0000215638429      1.526564495404075                  0.015      1.231920245029261                     10
      455.0000216113403      1.441335520612209                  0.015      1.441414857077758                     10
      456.0000216588378      1.415845328560079                  0.015      1.319231857444354                     10
      457.0000217063352       1.36077305389611                  0.015      1.259885016852068                     10
      458.0000217538327      1.473015715999958                  0.015        1.2926538818892                     10
      459.0000218013301       1.44495846937559                  0.015      1.330569520480699                     10
      460.0000218488276      1.444913077882264                  0.015        1.2615482369596                     10
      461.0000218963251      1.441208152518515                  0.015      1.208164714345355                     10
      462.0000219438225      1.393251598799099                  0.015      1.268130019990594                     10
        463.00002199132      1.368431701744051                  0.015      1.204375315927184                     10
      464.0000220388174      1.410852865512609                  0.015       1.19127340500104                     10
      465.0000220863149      1.488987062834358                  0.015      1.264998706308942                     10
      466.0000221338123      1.461618630314709                  0.015      1.157782806183549                     10
      467.0000221813098      1.506078943285279                  0.015       1.29438066110082                     10
      468.0000222288072      1.410358660075915                  0.015      1.135116306889824                     10
      469.0000222763047      1.297225665554598                  0.015      1.085527845734388                     10
      470.0000223238021      1.336589393522538                  0.015      1.067312536556093                     10
      471.0000223712996       1.32189626860486                  0.015     0.9851018819003662                     10
       472.000022418797      1.244841606003904                  0.015      0.987106096826331                     10
      473.0000224662945      1.309521347558598                  0.015     0.9745442605064917                     10
      474.0000225137919      1.426887466410067                  0.015      1.132130827865749                     10
      475.0000225612894      1.462644846400026                  0.015      1.102813794130702                     10
      476.0000226087868      1.550568712133672                  0.015      1.208523860207076                     10
      477.0000226562843      1.555380509068436                  0.015      1.190044586820995                     10
      478.0000227037817      1.453767297945268                  0.015      1.049288424110002                     10
      479.0000227512792      1.336481164733212                  0.015       0.98945986423201                     10
      480.0000227987766       1.39116575889013                  0.015      1.140169060416223                     10
      481.0000228462741      1.377301833867074                  0.015      1.119904634648696                     10
      482.0000228937715      1.400977152147769                  0.015      1.037191278865196                     10
       483.000022941269       1.36017546978702                  0.015      1.080537920724467                     10
      484.0000229887664      1.422383419757153                  0.015      1.044190091533669                     10
      485.0000230362639      1.454555824162087                  0.015       1.00169503180812                     10
      486.0000230837613      1.503421113361735                  0.015      1.221110548034035                     10
      487.0000231312588      1.543152449268722                  0.015      1.068456963764803                     10
      488.0000231787562      1.540424191512408                  0.015      1.020916825091834                     10
      489.0000232262537      1.619382156962477                  0.015      1.144407534607999                     10
      490.0000232737511      1.580738836113041                  0.015      1.252279115353995                     10
      491.0000233212486      1.640582069391256                  0.015      1.100993914243477                     10
       492.000023368746      1.624369022388193                  0.015      1.056630019596106                     10
      493.0000234162435      1.586709365156875                  0.015      1.178609052639842                     10
      494.0000234637409      1.684735535378633                  0.015      1.115791251641002                     10
      495.0000235112384      1.656940500801136                  0.015      1.019352112002744                     10
      496.0000235587358      1.579695395105461                  0.015      1.142187435512951                     10
      497.0000236062333      1.485241187297748                  0.015      1.093606480891322                     10
      498.0000236537308      1.431626126808391                  0.015      1.010714088735792                     10
      499.0000237012282      1.494880240940791                  0.015       1.09087439807253                     10
      500.0000237487257      1.590952920905969                  0.015      1.079500847832356                     10
      501.0000237962231      1.610902314469867                  0.015      1.045266284673907                     10
      502.0000238437206      1.522112189459489                  0.015      1.080197206753888                     10
       503.000023891218      1.486789025064499                  0.015      1.010917580933939                     10
      504.0000239387155      1.468569486811222                  0.015     0.9570085797324127                     10
      505.0000239862129      1.514204912981123                  0.015      1.068870980442537                     10
      506.0000240337104      1.564063844066543                  0.015      1.084715561130333                     10
      507.0000240812078      1.573789702368059                  0.015      1.040928381532911                     10
      508.0000241287053      1.515326523096079                  0.015      1.021137046955924                     10
      509.0000241762027      1.559543445794319                  0.015      0.992720746100653                     10
      510.0000242237002      1.526588817548978                  0.015     0.9370334496280257                     10
      511.0000242711976      1.597951621210956                  0.015     0.9993885554266574                     10
      512.0000243186951      1.489135443825537                  0.015     0.9416973285315352                     10
      513.0000243661925      1.511546929598717                  0.015     0.9530620727103731                     10
        514.00002441369      1.688066231235427                  0.015      1.078328229341114                     10
      515.0000244611874      1.776201173139399                  0.015      1.148104700050896                     10
      516.0000245086849      1.644257322528957                  0.015      1.000525362587235                     10
      517.0000245561823      1.606441393195638                  0.015     0.9712638117065721                     10
      518.0000246036798       1.53393559077242                  0.015      0.872317614205501                     10
      519.0000246511772      1.573678538003645                  0.015     0.9582599496651978                     10
      520.0000246986747       1.79754779066982                  0.015      1.240805109977232                     10
      521.0000247461721      1.826247219020314                  0.015      1.399335154093776                     10
      522.0000247936696       1.92337012478129                  0.015      1.661163216298702                     10
       523.000024841167      1.832769825491096                  0.015      1.363217144685196                     10
      524.0000248886645      1.827022190678615                  0.015      1.262439507680248                     10
      525.0000249361619        1.8815695638657                  0.015      1.542836974585039                     10
      526.0000249836594      1.860096286033887                  0.015      1.442222384706889                     10
      527.0000250311568      1.898501080674389                  0.015      1.506577333392044                     10
      528.0000250786543       1.93664835734778                  0.015      1.589183476145354                     10
      529.0000251261517      2.024442589753157                  0.015      1.666666666666667                     10
      530.0000251736492      1.964651464270806                  0.015      1.645694699252394                     10
      531.0000252211466      2.025742389320509                  0.015      1.559335139067968                     10
      532.0000252686441       1.98895701243725                  0.015      1.625612582235106                     10
      533.0000253161415      2.087725363146279                  0.015      1.666666666666667                     10
       534.000025363639      1.885199538500419                  0.015      1.375828868590442                     10
      535.0000254111364      2.010297395340677                  0.015      1.502102985389475                     10
      536.0000254586339      1.976306461737744                  0.015      1.505367656290835                     10
      537.0000255061314      1.894883139519636                  0.015      1.337735646956053                     10
      538.0000255536288      1.957636779165961                  0.015      1.473395334297717                     10
      539.0000256011263      2.076173539564767                  0.015      1.585328000345161                     10
      540.0000256486237       2.05275454653725                  0.015      1.588699437695122                     10
      541.0000256961212      2.056844776619166                  0.015      1.491031912048441                     10
      542.0000257436186      2.034547088378839                  0.015      1.399673718808043                     10
      543.0000257911161      2.089366552190274                  0.015      1.480372631264759                     10
      544.0000258386135      2.123579199481098                  0.015      1.652273861113992                     10
       545.000025886111      2.242579021685051                  0.015      1.666666666666667                     10
      546.0000259336084      2.173488735346127                  0.015      1.666231896043699                     10
      547.0000259811059      2.172450845795747                  0.015      1.558717727739647                     10
      548.0000260286033      2.295981295470977                  0.015      1.666480109785217                     10
      549.0000260761008      2.398278792773563                  0.015      1.666666666666667                     10
      550.0000261235982      2.266876970366734                  0.015      1.620374462534103                     10
      551.0000261710957      2.219268594854852                  0.015      1.631199246852574                     10
      552.0000262185931      2.157591773745784                  0.015      1.536334272260905                     10
      553.0000262660906      2.098565950508041                  0.015      1.449167442420662                     10
       554.000026313588      2.211678271534918                  0.015      1.553515351358981                     10
      555.0000263610855      2.139018705386469                  0.015      1.539192215118383                     10
      556.0000264085829      2.117376146285165                  0.015       1.46038292627103                     10
      557.0000264560804      2.141063113840672                  0.015      1.420413582086237                     10
      558.0000265035778      2.199411569455938                  0.015      1.505701869461293                     10
      559.0000265510753      2.116802083899272                  0.015      1.355579857247275                     10
      560.0000265985727      1.993960831870085                  0.015       1.42794539943397                     10
      561.0000266460702      2.096801742863694                  0.015      1.293261923682967                     10
      562.0000266935676      2.183285643884319                  0.015      1.411562077520987                     10
      563.0000267410651      2.126119211002198                  0.015      1.273892474143747                     10
      564.0000267885625      2.025551405880845                  0.015      1.309665833121018                     10
        565.00002683606      2.107483084788045                  0.015      1.213389464625419                     10
      566.0000268835574        2.2250990080043                  0.015      1.430203974380209                     10
      567.0000269310549       2.18970624507018                  0.015      1.349399591718045                     10
      568.0000269785523      2.099054938178943                  0.015      1.167546337618448                     10
      569.0000270260498      2.149254700621026                  0.015      1.314601791431289                     10
      570.0000270735472       2.13250757170873                  0.015      1.179718554657611                     10
      571.0000271210447       2.16145673483889                  0.015      1.256309912663473                     10
      572.0000271685421      2.205385952042421                  0.015      1.302202285122253                     10
      573.0000272160396      2.252317132810047                  0.015      1.486303289470881                     10
       574.000027263537       2.29270105514411                  0.015      1.535717800908868                     10
      575.0000273110345      2.343485892888399                  0.015      1.665596368737358                     10
       576.000027358532      2.335726047697968                  0.015      1.567389981575311                     10
      577.0000274060294      2.304086643752326                  0.015      1.484191153580274                     10
      578.0000274535269      2.205230762835973                  0.015      1.235295637265342                     10
      579.0000275010243      2.185560987881436                  0.015      1.197442441748233                     10
      580.0000275485218      2.208877920418079                  0.015      1.164440168497317                     10
      581.0000275960192      2.237182207667195                  0.015      1.341023690561988                     10
      582.0000276435167      2.271342916858891                  0.015      1.435571354369335                     10
      583.0000276910141      2.238615316271456                  0.015      1.271916413422355                     10
      584.0000277385116      2.168516098543657                  0.015      1.165293207564797                     10
       585.000027786009      2.288743879732088                  0.015      1.350265628676346                     10
      586.0000278335065      2.263082567071519                  0.015      1.307941389781048                     10
      587.0000278810039      2.223464000461276                  0.015      1.143631920364896                     10
      588.0000279285014      2.457795363572961                  0.015      1.666666666666667                     10
      589.0000279759988      2.446167376821446                  0.015      1.585564302824651                     10
      590.0000280234963       2.38059472541169                  0.015      1.605811583690083                     10
      591.0000280709937      2.434894850989319                  0.015      1.550639582005269                     10
      592.0000281184912      2.482189205927239                  0.015       1.63073122865314                     10
      593.0000281659886      2.635301794759811                  0.015      1.666666666666667                     10
      594.0000282134861      2.685117552867164                  0.015      1.666218582611244                     10
      595.0000282609835      2.588340264137222                  0.015      1.665839108025355                     10
       596.000028308481      2.652033044364552                  0.015      1.598531478425073                     10
      597.0000283559784       2.60149839630421                  0.015      1.583876879039094                     10
      598.0000284034759      2.590403895226565                  0.015      1.485289879956144                     10
      599.0000284509733      2.558642250221477                  0.015      1.638886688087673                     10
      600.0000284984708      2.542771967649727                  0.015      1.603574624833518                     10
      601.0000285459682      2.502311968485089                  0.015      1.618872141275061                     10
      602.0000285934657      2.509331754517899                  0.015      1.543588728523101                     10
      603.0000286409631      2.486843476253371                  0.015      1.459746513788675                     10
      604.0000286884606      2.428323375548104                  0.015       1.49755982730414                     10
       605.000028735958      2.309478726775744                  0.015      1.396750759876922                     10
      606.0000287834555      2.402717277705462                  0.015      1.497723477362405                     10
      607.0000288309529      2.351519870363482                  0.015      1.499058585199393                     10
      608.0000288784504      2.393043777086315                  0.015      1.414592703130048                     10
      609.0000289259478      2.461794762893372                  0.015      1.418227137928153                     10
      610.0000289734453      2.354582627380983                  0.015      1.424910003345685                     10
      611.0000290209427      2.389195603251508                  0.015      1.344342747941544                     10
      612.0000290684402      2.455203185689816                  0.015      1.327838650287482                     10
      613.0000291159377      2.264673038407037                  0.015      1.241947882167629                     10
      614.0000291634351       2.39346102246767                  0.015      1.265874046687408                     10
      615.0000292109326       2.40887659050671                  0.015      1.302084766202991                     10
        616.00002925843      2.530546015173276                  0.015      1.519426125717628                     10
      617.0000293059275      2.506946824006918                  0.015      1.383707369689909                     10
      618.0000293534249      2.529043400670146                  0.015      1.403298993927862                     10
      619.0000294009224       2.45543077869387                  0.015      1.258583653745855                     10
      620.0000294484198      2.592501712105704                  0.015      1.388211829672612                     10
      621.0000294959173      2.523906566865057                  0.015      1.315027458047826                     10
      622.0000295434147      2.570471658461925                  0.015      1.438616195222237                     10
      623.0000295909122      2.628417483529417                  0.015      1.509819412504873                     10
      624.0000296384096      2.754369683621936                  0.015      1.666666666666667                     10
      625.0000296859071      2.780803725749659                  0.015      1.643260864384287                     10
      626.0000297334045      2.853492055563172                  0.015      1.666666666666667                     10
       627.000029780902      2.959061774457185                  0.015      1.666666666666667                     10
      628.0000298283994      2.909859272315457                  0.015       1.66615358610736                     10
      629.0000298758969      2.983600109129721                  0.015      1.637701061815445                     10
      630.0000299233943      3.024865606150445                  0.015      1.664181291757827                     10
      631.0000299708918      3.105373731866475                  0.015      1.666666666666667                     10
      632.0000300183892      3.043395702697306                  0.015      1.615614532381285                     10
      633.0000300658867      3.081619135664772                  0.015      1.631068814175665                     10
      634.0000301133841      3.174351430451165                  0.015      1.666666666666667                     10
