#! FIELDS time h_bond sigma_h_bond height biasf
#! SET multivariate false
#! SET kerneltype gaussian
      1.000000047497451     0.4978469561008202                  0.015      1.666666666666667                     10
      2.000000094994903     0.5324079971243739                  0.015      1.658851224797692                     10
      3.000000142492354     0.5299430142738429                  0.015      1.550288968165096                     10
      4.000000189989805     0.5244789599196658                  0.015      1.463768226802578                     10
      5.000000237487257     0.6008602484115211                  0.015      1.666666666666667                     10
      6.000000284984708     0.5149603662282933                  0.015      1.428233940305549                     10
      7.000000332482159     0.5548974877338332                  0.015       1.59020432003239                     10
       8.00000037997961     0.5147064192910793                  0.015      1.347936076753288                     10
      9.000000427477062     0.5475974605673947                  0.015      1.425847995204198                     10
      10.00000047497451     0.5969984798929887                  0.015       1.56001961490528                     10
      11.00000052247196     0.6078819540059039                  0.015      1.496025526305054                     10
      12.00000056996942     0.6649805309921019                  0.015      1.666666660005278                     10
      13.00000061746687     0.6753238805346631                  0.015       1.58113982717112                     10
      14.00000066496432     0.6975648960483177                  0.015       1.62156630070262                     10
      15.00000071246177     0.6718509432284555                  0.015      1.453531836667418                     10
      16.00000075995922     0.7183662385925219                  0.015      1.623229867607207                     10
      17.00000080745667     0.6946910635409345                  0.015       1.45215526422434                     10
      18.00000085495412     0.6516176452291259                  0.015      1.524390615169458                     10
      19.00000090245157     0.7121965581655149                  0.015      1.456502280994012                     10
      20.00000094994903     0.6817000544302725                  0.015      1.315227653985997                     10
      21.00000099744648     0.7448720432297016                  0.015      1.634043045605595                     10
      22.00000104494393     0.7101173276098737                  0.015      1.345039256685395                     10
      23.00000109244138     0.7438530234256236                  0.015      1.519952406111252                     10
      24.00000113993883     0.6728944974835349                  0.015      1.250043183757352                     10
      25.00000118743628     0.6923981414032241                  0.015      1.213529965306419                     10
      26.00000123493373     0.7107745143199101                  0.015        1.2395755627822                     10
      27.00000128243119     0.7525570964840688                  0.015      1.482034674148772                     10
      28.00000132992864     0.6627723248886053                  0.015      1.250010654487836                     10
      29.00000137742609     0.7331638710877584                  0.015      1.332793155269048                     10
      30.00000142492354     0.7361226291761024                  0.015      1.271576752635216                     10
      31.00000147242099     0.7830744937087512                  0.015      1.645724867175333                     10
      32.00000151991844     0.7756842898903304                  0.015      1.518003203435076                     10
      33.00000156741589     0.7071073966553546                  0.015      1.134679040485176                     10
      34.00000161491334     0.8067078414690043                  0.015      1.623378769291742                     10
       35.0000016624108     0.7547167834582171                  0.015      1.309184401630598                     10
      36.00000170990825     0.7700356573969481                  0.015       1.36109197091872                     10
       37.0000017574057     0.7569099054427896                  0.015      1.214272454380447                     10
      38.00000180490315      0.742641538472542                  0.015      1.129432763356066                     10
       39.0000018524006      0.759867492478232                  0.015      1.146428698016228                     10
      40.00000189989805     0.6979993934403265                  0.015      1.080973732260734                     10
       41.0000019473955     0.7763194927562066                  0.015      1.260137486078787                     10
      42.00000199489295     0.7324617880847875                  0.015      1.093710121471829                     10
      43.00000204239041     0.7375859906205166                  0.015      1.027869558254209                     10
      44.00000208988786     0.6468146380707156                  0.015      1.417130315696578                     10
      45.00000213738531     0.6592836935481422                  0.015      1.180565168766395                     10
      46.00000218488276     0.6588783023969911                  0.015      1.130109248326397                     10
      47.00000223238021     0.7095563348518532                  0.015      1.028143605743692                     10
      48.00000227987766     0.6241027432777175                  0.015      1.499749926536772                     10
      49.00000232737511     0.5639051090052022                  0.015      1.494681616975226                     10
      50.00000237487257     0.5548896340521012                  0.015      1.345048642129476                     10
      51.00000242237002     0.6207474626767193                  0.015      1.404195345058069                     10
      52.00000246986747     0.5534151774984666                  0.015      1.266044424403098                     10
      53.00000251736492     0.5592604388340079                  0.015      1.245156905184831                     10
      54.00000256486237     0.5738026733789916                  0.015      1.357784249955267                     10
      55.00000261235982     0.5181176231850899                  0.015      1.239732929680283                     10
      56.00000265985727     0.5435140543928442                  0.015       1.12574880695411                     10
      57.00000270735472     0.5024857856389799                  0.015      1.344775793937309                     10
      58.00000275485218     0.5116112249252696                  0.015      1.175279347651081                     10
      59.00000280234963      0.504375599227281                  0.015      1.199135962996983                     10
      60.00000284984708     0.5825549930147902                  0.015      1.347796826598589                     10
      61.00000289734453      0.543892750254845                  0.015      1.065551508882898                     10
      62.00000294484198     0.5188811341402693                  0.015      1.037833374484602                     10
      63.00000299233943     0.6708349836198254                  0.015      1.021021705961469                     10
      64.00000303983688     0.8077473676209311                  0.015      1.513222643680316                     10
      65.00000308733433     0.6882992573884903                  0.015      1.000564795279164                     10
      66.00000313483179     0.6407796893183164                  0.015      1.277369189907923                     10
      67.00000318232924     0.6280973041967253                  0.015      1.294166931437305                     10
      68.00000322982669     0.6661842164910478                  0.015      0.963136229769727                     10
      69.00000327732414     0.6843807043656303                  0.015     0.9422776372700959                     10
      70.00000332482159     0.5714038451705491                  0.015      1.190257202853858                     10
      71.00000337231904     0.5214506357320784                  0.015     0.9920384383972584                     10
      72.00000341981649     0.5501684408616544                  0.015     0.9953967297239591                     10
      73.00000346731395     0.6114163449005724                  0.015      1.243979876545583                     10
       74.0000035148114     0.6078949133371163                  0.015      1.188214787379896                     10
      75.00000356230885      0.574783169727571                  0.015      1.147929354764887                     10
       76.0000036098063     0.6126503179489747                  0.015      1.128173981922786                     10
      77.00000365730375     0.5328857003625472                  0.015     0.9512292923348441                     10
       78.0000037048012     0.5700075389539473                  0.015      1.049119995440649                     10
      79.00000375229865     0.4960587645969621                  0.015      1.240543291434585                     10
       80.0000037997961     0.4962469083228001                  0.015       1.17666379915795                     10
      81.00000384729356     0.5414728920024454                  0.015     0.9126067309177921                     10
      82.00000389479101     0.5949233692838974                  0.015      1.126174091751371                     10
      83.00000394228846     0.5629899555363651                  0.015     0.9338388144133247                     10
      84.00000398978591     0.4830170736128511                  0.015      1.397138510267582                     10
      85.00000403728336     0.5093387208598471                  0.015     0.9300977984012856                     10
      86.00000408478081     0.4809278780744998                  0.015      1.351988997065848                     10
      87.00000413227826     0.5132721260509923                  0.015     0.8699470653676438                     10
      88.00000417977571     0.6194847678808401                  0.015      1.085300595352271                     10
      89.00000422727317     0.6532544294507759                  0.015      1.015008339539308                     10
      90.00000427477062     0.6410184174277499                  0.015       1.08518804443034                     10
      91.00000432226807     0.6472174555328737                  0.015     0.9950553665060199                     10
      92.00000436976552     0.6341789983158841                  0.015      1.031678345577152                     10
      93.00000441726297       0.63000731492281                  0.015     0.9950561000255461                     10
      94.00000446476042     0.7033509423191526                  0.015     0.9406012272686848                     10
      95.00000451225787     0.6693800982140835                  0.015     0.8543949388292427                     10
      96.00000455975533     0.7228287682620114                  0.015     0.9880758692861096                     10
      97.00000460725278     0.5911627847434493                  0.015      1.068567483127851                     10
      98.00000465475023     0.6441504321941101                  0.015     0.9162164592473362                     10
      99.00000470224768     0.5885799987853678                  0.015      1.027447430431558                     10
      100.0000047497451     0.5657169221711594                  0.015     0.8981414089043386                     10
      101.0000047972426     0.6274607987951437                  0.015     0.9336179148238754                     10
        102.00000484474     0.5985376880126193                  0.015     0.9563988024758853                     10
      103.0000048922375     0.4802842585286241                  0.015      1.288541202842438                     10
      104.0000049397349     0.4847818858565391                  0.015      1.144721959141799                     10
      105.0000049872324     0.4899317352215157                  0.015      1.016415887181808                     10
      106.0000050347298     0.4750958812734409                  0.015      1.239110808581838                     10
      107.0000050822273      0.474271877439831                  0.015      1.195841841101132                     10
      108.0000051297247      0.507459588087536                  0.015     0.8254535494801991                     10
      109.0000051772222     0.4783711111182741                  0.015      1.059718355602375                     10
      110.0000052247196     0.5267607189697957                  0.015     0.8261905837028908                     10
      111.0000052722171     0.4947343024776155                  0.015     0.8407577218325365                     10
      112.0000053197145       0.50555853094157                  0.015     0.7676077236175567                     10
       113.000005367212     0.4708607922171976                  0.015      1.149894532135697                     10
      114.0000054147094     0.5450734153639667                  0.015     0.8300892735564563                     10
      115.0000054622069     0.5937941937377728                  0.015     0.9338556393272586                     10
      116.0000055097044     0.5901228895730801                  0.015     0.9081675254113675                     10
      117.0000055572018     0.6157351573943091                  0.015     0.8740191882807508                     10
      118.0000056046993     0.6571353585283201                  0.015      0.820905273332649                     10
      119.0000056521967     0.6768785303252433                  0.015     0.8286188511503673                     10
      120.0000056996942     0.6897794838303374                  0.015      0.853609186304206                     10
      121.0000057471916     0.7748305414754828                  0.015       1.17310095730185                     10
      122.0000057946891     0.8291051460718127                  0.015      1.594925719165631                     10
      123.0000058421865     0.7649518753899663                  0.015      1.042228914434954                     10
       124.000005889684     0.7078227552979129                  0.015     0.8796060552227999                     10
      125.0000059371814      0.796926491056641                  0.015      1.327431259550736                     10
      126.0000059846789     0.7577681740619618                  0.015      0.959878688919396                     10
      127.0000060321763     0.8678433092877168                  0.015      1.662875481946046                     10
      128.0000060796738     0.8294836489579285                  0.015      1.487320730210786                     10
      129.0000061271712     0.7841764229194707                  0.015      1.139182752934747                     10
      130.0000061746687     0.8330347347555676                  0.015      1.425515135556858                     10
      131.0000062221661     0.8751792875142602                  0.015      1.567407816292658                     10
      132.0000062696636     0.8722349507555279                  0.015      1.464330547307537                     10
       133.000006317161     0.9904854940788189                  0.015      1.666666666666667                     10
      134.0000063646585     0.9081678856851944                  0.015      1.648886972653204                     10
      135.0000064121559     0.8528217128461455                  0.015      1.437712525039595                     10
      136.0000064596534      0.921129651094121                  0.015      1.590961683528338                     10
      137.0000065071508     0.8493284201447902                  0.015      1.358411589606417                     10
      138.0000065546483     0.8905689003932725                  0.015      1.462042275628143                     10
      139.0000066021457     0.9358932325050435                  0.015      1.582376455906729                     10
      140.0000066496432     0.9247721263852116                  0.015      1.433516952608366                     10
      141.0000066971406     0.9169964712184706                  0.015      1.350123767447089                     10
      142.0000067446381     0.8162219732269171                  0.015      1.277093231468108                     10
      143.0000067921355     0.8293709098070501                  0.015      1.227472639473465                     10
       144.000006839633     0.8017301079977346                  0.015       1.18851563547307                     10
      145.0000068871304     0.7440627617236436                  0.015     0.9091891101964331                     10
      146.0000069346279     0.7944642821508919                  0.015      1.113826738859167                     10
      147.0000069821253     0.7746221723082033                  0.015     0.9685187801777863                     10
      148.0000070296228     0.7267890241488623                  0.015     0.9157274006333981                     10
      149.0000070771202     0.8264033920886522                  0.015      1.144203352543218                     10
      150.0000071246177      0.873124540267341                  0.015      1.282762400318428                     10
      151.0000071721151      0.825515833628227                  0.015      1.089977413033551                     10
      152.0000072196126     0.7792505442085126                  0.015     0.9560235285032542                     10
        153.00000726711     0.7469555393943584                  0.015     0.8510268998031461                     10
      154.0000073146075     0.7395814885612721                  0.015     0.8360982555731385                     10
       155.000007362105     0.8935456561712177                  0.015      1.333504845865571                     10
      156.0000074096024     0.8326894632014551                  0.015      1.076793180047855                     10
      157.0000074570999     0.8007294561695087                  0.015      1.034811043406525                     10
      158.0000075045973     0.7868952385020106                  0.015     0.9402394423172465                     10
      159.0000075520948     0.7808834164956566                  0.015     0.8791151492074982                     10
      160.0000075995922     0.9145698779517356                  0.015      1.257753451979828                     10
      161.0000076470897     0.8602295241392628                  0.015      1.201197244325014                     10
      162.0000076945871      0.880345317907682                  0.015      1.181389106618674                     10
      163.0000077420846     0.8315996129567987                  0.015      1.010869354474216                     10
       164.000007789582     0.7892352964715611                  0.015     0.8891051789055286                     10
      165.0000078370795     0.7290191264835878                  0.015     0.8448839681565575                     10
      166.0000078845769     0.8059333147911527                  0.015     0.9458631973903892                     10
      167.0000079320744     0.7869854782647853                  0.015     0.8318714635951713                     10
      168.0000079795718     0.8109188103584483                  0.015     0.9123387254374994                     10
      169.0000080270693     0.7135884956877435                  0.015     0.8267024971122722                     10
      170.0000080745667     0.7382256649509362                  0.015      0.782509013071669                     10
      171.0000081220642     0.7180619057711402                  0.015     0.7946667765386045                     10
      172.0000081695616     0.7471923847790495                  0.015     0.7552023114741685                     10
      173.0000082170591     0.7527785917618224                  0.015     0.7485521662267366                     10
      174.0000082645565     0.7870045119581658                  0.015     0.7938345723203521                     10
       175.000008312054     0.7394458794731766                  0.015     0.7137140208604227                     10
      176.0000083595514      0.754248554918986                  0.015     0.7165436634039655                     10
      177.0000084070489     0.6829013676576101                  0.015     0.7909281381663501                     10
      178.0000084545463       0.70797067902497                  0.015     0.7617434305275886                     10
      179.0000085020438      0.690851269741114                  0.015     0.7620794957465626                     10
      180.0000085495412      0.647623892875545                  0.015     0.8206428017408699                     10
      181.0000085970387     0.6839913812068704                  0.015     0.7395681414529702                     10
      182.0000086445361     0.7180563695062393                  0.015      0.729935154368523                     10
      183.0000086920336     0.6300357686244572                  0.015     0.8507185486332762                     10
       184.000008739531     0.6300282911139882                  0.015      0.822198249810895                     10
      185.0000087870285     0.7118023212854009                  0.015     0.7058044717440509                     10
      186.0000088345259     0.7950865895639708                  0.015     0.8013421338241317                     10
      187.0000088820234     0.8447716933196353                  0.015      1.067764843869786                     10
      188.0000089295208     0.7563953231545223                  0.015     0.7028004831300959                     10
      189.0000089770183     0.7968789590550827                  0.015     0.7842651215956297                     10
      190.0000090245157     0.8650377151386713                  0.015      1.087378682260857                     10
      191.0000090720132     0.7965486911527963                  0.015     0.7583197167462747                     10
      192.0000091195107     0.8837658358219338                  0.015      1.120938687665301                     10
      193.0000091670081     0.8369925454033338                  0.015     0.9478641973570278                     10
      194.0000092145056     0.7425169216067166                  0.015     0.6546148930857082                     10
       195.000009262003      0.840687968033348                  0.015     0.9400880595818414                     10
      196.0000093095005     0.8192821296974935                  0.015     0.8300453807267723                     10
      197.0000093569979     0.8270049203104434                  0.015      0.815633948738379                     10
      198.0000094044954     0.7813219532014835                  0.015     0.7044543594171894                     10
      199.0000094519928     0.7507571750563437                  0.015     0.6460476099473543                     10
      200.0000094994903     0.6758293663875459                  0.015     0.7126523201721146                     10
      201.0000095469877     0.6428387397978967                  0.015     0.7766492805894111                     10
      202.0000095944852     0.6752159064660894                  0.015     0.6905127390704859                     10
      203.0000096419826     0.5804503074665595                  0.015      0.882381231921145                     10
      204.0000096894801     0.6183478104606335                  0.015     0.7952590390640377                     10
      205.0000097369775     0.6195429911964515                  0.015      0.768811581659658                     10
       206.000009784475     0.6626429488901664                  0.015     0.6873251684925621                     10
      207.0000098319724      0.575407365959297                  0.015     0.8451990776669416                     10
      208.0000098794699     0.5656001013492998                  0.015     0.7969763787917948                     10
      209.0000099269673     0.6282526739087202                  0.015     0.7400174266901112                     10
      210.0000099744648     0.5283745357534444                  0.015     0.7794135774769112                     10
      211.0000100219622     0.4985084421161858                  0.015     0.7609576785892697                     10
      212.0000100694597     0.5470398382912479                  0.015      0.771882225371851                     10
      213.0000101169571     0.5867282421085939                  0.015     0.8106079439624864                     10
      214.0000101644546     0.5498012062664521                  0.015     0.7443015735176112                     10
       215.000010211952     0.5364820262182569                  0.015     0.7395390156444489                     10
      216.0000102594495     0.5348779032210759                  0.015     0.7183519223028179                     10
      217.0000103069469     0.5243080643717792                  0.015     0.6944393686579444                     10
      218.0000103544444     0.5200497275864646                  0.015     0.6741878270783028                     10
      219.0000104019418     0.5324538134907079                  0.015     0.6683439823980354                     10
      220.0000104494393     0.4749740078315957                  0.015       1.00251853197919                     10
      221.0000104969367     0.4648021473783429                  0.015      1.200545652288785                     10
      222.0000105444342     0.5659658132889807                  0.015      0.731119721599306                     10
      223.0000105919316     0.5647911489290331                  0.015     0.7055284956617703                     10
      224.0000106394291     0.5309478738574845                  0.015     0.6459702333991523                     10
      225.0000106869265     0.4746716217417437                  0.015     0.9320718532844673                     10
       226.000010734424     0.5317746041359048                  0.015     0.6301903989791862                     10
      227.0000107819214     0.5354929141299366                  0.015      0.618712677469762                     10
      228.0000108294189     0.6353190115940124                  0.015     0.7189357392661347                     10
      229.0000108769163     0.6130657589407352                  0.015     0.7298226034484273                     10
      230.0000109244138     0.5931497716237459                  0.015     0.7621212366576198                     10
      231.0000109719113     0.5905615859686304                  0.015     0.7412115954556227                     10
      232.0000110194087     0.6210752420984058                  0.015     0.6849230061428014                     10
      233.0000110669062     0.5548802820576321                  0.015     0.6425997497899126                     10
      234.0000111144036     0.4899634691179848                  0.015     0.7430449702653359                     10
      235.0000111619011     0.4915209509451409                  0.015     0.7130604415837356                     10
      236.0000112093985     0.4571478189515746                  0.015      1.304025338631365                     10
       237.000011256896     0.5087172732024187                  0.015     0.6327936254778772                     10
      238.0000113043934      0.501808959979708                  0.015     0.6392966080844994                     10
      239.0000113518909     0.5112077401672193                  0.015      0.597249267662103                     10
      240.0000113993883     0.5575923771686083                  0.015     0.6334319764704083                     10
      241.0000114468858     0.5781345815196742                  0.015     0.6988661582971161                     10
      242.0000114943832     0.6006888567363953                  0.015     0.6959905282670883                     10
      243.0000115418807     0.5627566424418795                  0.015     0.6242024629380731                     10
      244.0000115893781      0.562923407052726                  0.015     0.6092797032291032                     10
      245.0000116368756     0.6499202280391871                  0.015     0.6863220751823461                     10
       246.000011684373     0.6581618404921528                  0.015     0.6561419326441729                     10
      247.0000117318705     0.5827487555051438                  0.015     0.6678836963231373                     10
      248.0000117793679     0.5873074576178754                  0.015     0.6590451410240992                     10
      249.0000118268654      0.532209675754298                  0.015     0.5755940370475937                     10
      250.0000118743628     0.4448200711553438                  0.015      1.499134515462476                     10
      251.0000119218603     0.5956559084564211                  0.015     0.6512951497704306                     10
      252.0000119693577     0.6970306804437407                  0.015     0.6818337636842056                     10
      253.0000120168552     0.5352383238985744                  0.015      0.564408231634087                     10
      254.0000120643526     0.6241260637262156                  0.015     0.6507453444350909                     10
      255.0000121118501     0.6516521308673209                  0.015     0.6466131208833213                     10
      256.0000121593475     0.5650140743431055                  0.015     0.5831807394985009                     10
       257.000012206845     0.5684376553941202                  0.015     0.5784146236690618                     10
      258.0000122543424      0.599961044552763                  0.015     0.6310949866952144                     10
      259.0000123018399     0.5806855003336276                  0.015     0.5942785014612649                     10
      260.0000123493373     0.5811622705313959                  0.015     0.5812166672196502                     10
      261.0000123968348      0.642632188391203                  0.015     0.6385281303448026                     10
      262.0000124443322     0.7026484356230501                  0.015     0.6634156919237477                     10
      263.0000124918297     0.5206236079581832                  0.015     0.5539812752321749                     10
      264.0000125393271     0.5680996331069786                  0.015     0.5445829362203518                     10
      265.0000125868246     0.6354575184980598                  0.015     0.6227404398598996                     10
       266.000012634322     0.6056368075791875                  0.015     0.6081431829985371                     10
      267.0000126818195     0.5127654856772956                  0.015     0.5589449072288679                     10
      268.0000127293169     0.5248753066704083                  0.015     0.5292853005953245                     10
      269.0000127768144     0.5582153977074684                  0.015     0.5281700550926259                     10
      270.0000128243119     0.5366544504312072                  0.015     0.5249923721501841                     10
      271.0000128718093     0.5078067331252163                  0.015     0.5558675286895322                     10
      272.0000129193068     0.4816361072079402                  0.015     0.7342388176930497                     10
      273.0000129668042     0.4964011606901901                  0.015      0.597621576344619                     10
      274.0000130143017     0.4520400038998872                  0.015      1.282837736491873                     10
      275.0000130617991     0.4824009998734484                  0.015     0.6891728392123709                     10
      276.0000131092966     0.5656838654446488                  0.015     0.5180715052767761                     10
       277.000013156794     0.5287302029178189                  0.015     0.5026455223340629                     10
      278.0000132042915     0.5406300415903443                  0.015     0.5054278601336417                     10
      279.0000132517889     0.5174780041291485                  0.015     0.4940011267888139                     10
      280.0000132992864     0.5976897326051051                  0.015      0.581584117451318                     10
      281.0000133467838     0.5475555992438382                  0.015     0.4967671386103225                     10
      282.0000133942813     0.5073535974991398                  0.015     0.5152693744134773                     10
      283.0000134417787     0.6911934578502803                  0.015     0.6486450668459126                     10
      284.0000134892762     0.6149068717401257                  0.015     0.5915831711556009                     10
      285.0000135367736     0.6625466703233841                  0.015     0.6074178101722614                     10
      286.0000135842711     0.7161603192585275                  0.015     0.6581851173691757                     10
      287.0000136317685     0.6985007835274198                  0.015     0.6226069025988603                     10
       288.000013679266     0.6709273729306275                  0.015      0.598413102963739                     10
      289.0000137267634     0.6608161690870343                  0.015     0.5804635784080777                     10
      290.0000137742609     0.7202614482034139                  0.015     0.6426938589622672                     10
      291.0000138217583     0.7600554784628902                  0.015     0.6643537925560132                     10
      292.0000138692558     0.7616685582397589                  0.015     0.6531884375649799                     10
      293.0000139167532     0.7222837470091686                  0.015      0.628348186244623                     10
      294.0000139642507     0.6903049966102789                  0.015     0.6000839644124711                     10
      295.0000140117481     0.6266033086406422                  0.015     0.5864266851480725                     10
      296.0000140592456     0.6031626702579206                  0.015     0.5633849339287264                     10
       297.000014106743     0.6475766625410241                  0.015     0.5786201075632387                     10
      298.0000141542405     0.6800919250353259                  0.015     0.5785793763583147                     10
      299.0000142017379      0.680029272647126                  0.015     0.5652238678849792                     10
      300.0000142492354     0.7036232186928587                  0.015     0.5737645890852806                     10
      301.0000142967328     0.7293654784777452                  0.015     0.6095678638353618                     10
      302.0000143442303     0.7844029051689517                  0.015     0.6717883615878139                     10
      303.0000143917277     0.6991183955649019                  0.015       0.55586243561744                     10
      304.0000144392252     0.6595405642724941                  0.015     0.5450947378527814                     10
      305.0000144867226     0.6823764700613026                  0.015     0.5407912751866882                     10
      306.0000145342201     0.7068453487689211                  0.015     0.5465960886243288                     10
      307.0000145817176     0.7087641337488686                  0.015     0.5388029020813314                     10
       308.000014629215     0.7084982121414771                  0.015     0.5266917291747422                     10
      309.0000146767125     0.6843830003538366                  0.015     0.5208124852316018                     10
      310.0000147242099       0.63938552584863                  0.015     0.5640549166496853                     10
      311.0000147717074     0.7005086494874487                  0.015     0.5023005623495171                     10
      312.0000148192048     0.6408011583535489                  0.015     0.5503144921116671                     10
      313.0000148667023     0.6329407715045473                  0.015     0.5435198242260846                     10
      314.0000149141997      0.625792998434117                  0.015     0.5362087770646375                     10
      315.0000149616972     0.6184911525666184                  0.015     0.5321153427530794                     10
      316.0000150091946     0.6208693630317166                  0.015     0.5183998980281137                     10
      317.0000150566921     0.6647868176718099                  0.015     0.5100940970227792                     10
      318.0000151041895     0.5937819647915201                  0.015     0.5382559747646145                     10
       319.000015151687     0.6407688502396629                  0.015     0.5102324728645008                     10
      320.0000151991844     0.6499516020317344                  0.015     0.5013392119870861                     10
      321.0000152466819     0.7368076264528133                  0.015     0.5793157816164451                     10
      322.0000152941793     0.6763947095045424                  0.015     0.4969107766892462                     10
      323.0000153416768     0.5896778445494811                  0.015     0.5274925575254097                     10
      324.0000153891742     0.6151325704035318                  0.015     0.5050499027564425                     10
      325.0000154366717     0.6357423102037166                  0.015     0.4871597632899967                     10
      326.0000154841691     0.7016922858935893                  0.015     0.4891636352507293                     10
      327.0000155316666     0.6456167822634687                  0.015     0.4816751603740376                     10
       328.000015579164     0.6835813065964752                  0.015     0.4850000891172869                     10
      329.0000156266615     0.6405460839286162                  0.015     0.4708640748141878                     10
      330.0000156741589      0.617372739482026                  0.015     0.4835935110626616                     10
      331.0000157216564     0.6838052751107669                  0.015      0.475498294148863                     10
      332.0000157691538     0.6548704077077727                  0.015     0.4660342645676824                     10
      333.0000158166513     0.7186906669869814                  0.015     0.5307911166217452                     10
      334.0000158641487     0.8027939664985971                  0.015     0.7292562311076159                     10
      335.0000159116462     0.7749486275992384                  0.015     0.6462105781441145                     10
      336.0000159591436     0.7682279530966933                  0.015     0.6275060657778471                     10
      337.0000160066411     0.6247561836147834                  0.015     0.4615696384665156                     10
      338.0000160541385     0.7247455973793139                  0.015     0.5427353317607783                     10
       339.000016101636     0.7431006238301933                  0.015      0.552304208302603                     10
      340.0000161491334     0.7529005466060743                  0.015     0.5621138550986772                     10
      341.0000161966309     0.7718544087474563                  0.015     0.6061205966609297                     10
      342.0000162441283     0.9956515966565803                  0.015      1.564953329423372                     10
      343.0000162916258     0.9477119052980798                  0.015      1.519733750620581                     10
      344.0000163391232      1.067371135649178                  0.015      1.666666666666667                     10
      345.0000163866207      1.034567508488335                  0.015      1.651449503094021                     10
      346.0000164341182      1.163721426405482                  0.015      1.666666666666667                     10
      347.0000164816156      1.038333954568756                  0.015       1.54482253344667                     10
      348.0000165291131     0.9609553635866599                  0.015      1.542810366715685                     10
      349.0000165766105     0.9591943204852894                  0.015      1.441358400368855                     10
       350.000016624108     0.9029236393500633                  0.015      1.180372939508237                     10
      351.0000166716054     0.9942393065867379                  0.015      1.449848268923712                     10
      352.0000167191029     0.9114973849469475                  0.015      1.132036706819395                     10
      353.0000167666003     0.9350066761398362                  0.015      1.231832459528736                     10
      354.0000168140978      0.975264498756521                  0.015      1.395463690600298                     10
      355.0000168615952     0.9637345747785601                  0.015      1.307659351970302                     10
      356.0000169090927     0.8958193832042828                  0.015      1.079649741579097                     10
      357.0000169565901      1.023316002556071                  0.015      1.485391270434695                     10
      358.0000170040876      1.027274784395643                  0.015      1.391087205253589                     10
       359.000017051585      1.046508339537288                  0.015      1.406325489867048                     10
      360.0000170990825       1.10904696959191                  0.015       1.66432189745494                     10
      361.0000171465799     0.9639272652427572                  0.015      1.241308138070227                     10
      362.0000171940774      1.052572665693792                  0.015      1.382325502069806                     10
      363.0000172415748      1.071820373144848                  0.015      1.486995097448766                     10
      364.0000172890723     0.9640966179769578                  0.015      1.181416731354791                     10
      365.0000173365697      1.018859644464627                  0.015      1.323074946836712                     10
      366.0000173840672     0.9513186670288913                  0.015      1.141073474336391                     10
      367.0000174315646      1.063675191461566                  0.015      1.339591425234256                     10
      368.0000174790621      1.005987221802951                  0.015      1.299644920701177                     10
      369.0000175265595     0.9413518640884463                  0.015      1.116048075459765                     10
       370.000017574057     0.9208186767908751                  0.015      1.041615464498673                     10
      371.0000176215544     0.8588054436191026                  0.015     0.9934117871719907                     10
      372.0000176690519     0.8826821976648118                  0.015     0.9920101360439612                     10
      373.0000177165493      0.926813646655013                  0.015      1.014635757517316                     10
      374.0000177640468     0.8899984717664935                  0.015     0.9768144746641855                     10
      375.0000178115442     0.8629006135133477                  0.015     0.9344350903444866                     10
      376.0000178590417     0.8454516572125221                  0.015     0.8761190992504901                     10
      377.0000179065391     0.9245513274092035                  0.015     0.9649151123066217                     10
      378.0000179540366     0.9919872831481535                  0.015       1.22019222780175                     10
       379.000018001534      1.017549830991198                  0.015      1.199982171528939                     10
      380.0000180490315     0.8985669790248808                  0.015     0.9472009040305404                     10
      381.0000180965289     0.8954170128101611                  0.015     0.9092218028017617                     10
      382.0000181440264     0.8620107383165121                  0.015     0.8802279652824514                     10
      383.0000181915238     0.9504724131815167                  0.015      1.024123696880361                     10
      384.0000182390213     0.9434542571462572                  0.015     0.9721410679958317                     10
      385.0000182865188      1.009814478996104                  0.015      1.152482189146779                     10
      386.0000183340162      1.160320593487925                  0.015      1.561287574371193                     10
      387.0000183815137      1.236194307551409                  0.015      1.666666666666667                     10
      388.0000184290111      1.226081225408909                  0.015      1.580264938746176                     10
      389.0000184765086      1.295598296000434                  0.015      1.666666666666667                     10
       390.000018524006      1.314488005177628                  0.015      1.617026641419138                     10
      391.0000185715035      1.250967143681678                  0.015      1.572843972861761                     10
      392.0000186190009      1.326430510787248                  0.015      1.577000572885941                     10
      393.0000186664984      1.273993655604766                  0.015      1.588397741465853                     10
      394.0000187139958      1.174033626426418                  0.015       1.51696429187095                     10
      395.0000187614933      1.187011357467452                  0.015      1.542926131509451                     10
      396.0000188089907      1.188656254922667                  0.015      1.463706975154413                     10
      397.0000188564882      1.219151773075894                  0.015       1.48863874713178                     10
      398.0000189039856      1.164872506300064                  0.015      1.345074612026048                     10
      399.0000189514831      1.260582969338946                  0.015      1.475152357018495                     10
      400.0000189989805      1.199757465491427                  0.015      1.428556758877585                     10
       401.000019046478      1.282222871924926                  0.015      1.455311509785854                     10
      402.0000190939754       1.38472735368347                  0.015      1.666666666666667                     10
      403.0000191414729      1.269788903767751                  0.015      1.360719723559703                     10
      404.0000191889703       1.37490776933646                  0.015      1.578624743316681                     10
      405.0000192364678      1.404059970760923                  0.015      1.603403951881306                     10
      406.0000192839652      1.470400313053384                  0.015      1.666666666666667                     10
      407.0000193314627      1.427861235607494                  0.015      1.632701118789812                     10
      408.0000193789601      1.448817064951475                  0.015      1.586727448053371                     10
      409.0000194264576       1.53547555272629                  0.015      1.666666666666667                     10
       410.000019473955      1.489751209425172                  0.015      1.615386062929709                     10
      411.0000195214525      1.492539650119936                  0.015      1.526035641488354                     10
      412.0000195689499      1.601043468335455                  0.015      1.666666666666667                     10
      413.0000196164474      1.628243042696551                  0.015      1.645286094772181                     10
      414.0000196639448      1.569704852088848                  0.015      1.645996946580238                     10
      415.0000197114423      1.563164717911394                  0.015      1.546361676899052                     10
      416.0000197589397      1.544409397192073                  0.015      1.507443465472469                     10
      417.0000198064372      1.509509801168167                  0.015      1.537509060286945                     10
      418.0000198539346      1.390487015431609                  0.015       1.44228410768973                     10
      419.0000199014321      1.347023805748738                  0.015      1.591889646855046                     10
      420.0000199489295      1.340517951212667                  0.015      1.478838629006157                     10
       421.000019996427      1.308304539405432                  0.015       1.41344827313336                     10
      422.0000200439245      1.376992608156094                  0.015      1.385861777849725                     10
      423.0000200914219      1.423465534292101                  0.015      1.486166263250363                     10
      424.0000201389194      1.437472800176378                  0.015      1.432124124865614                     10
      425.0000201864168      1.430477656338686                  0.015      1.340930216978795                     10
      426.0000202339143      1.319324954876211                  0.015      1.340837667678483                     10
      427.0000202814117       1.37542498364148                  0.015      1.318487589811542                     10
      428.0000203289092       1.34824152893897                  0.015      1.379067164293146                     10
      429.0000203764066      1.358474279541615                  0.015      1.311859279475679                     10
      430.0000204239041      1.202338868992219                  0.015      1.359572792673397                     10
      431.0000204714015      1.326428894309388                  0.015      1.255685634825346                     10
       432.000020518899      1.238203061064604                  0.015      1.340164277127092                     10
      433.0000205663964      1.217967767997546                  0.015      1.297190823959263                     10
      434.0000206138939       1.22612368628268                  0.015      1.224984377236678                     10
      435.0000206613913       1.27015478880908                  0.015        1.2772389250325                     10
      436.0000207088888      1.140693346967057                  0.015      1.546091088940124                     10
      437.0000207563862      1.129259559477594                  0.015      1.524275943601282                     10
      438.0000208038837      1.119219829934286                  0.015      1.467155070016606                     10
      439.0000208513811      1.083259378060467                  0.015      1.455594898649061                     10
      440.0000208988786      1.229630826005029                  0.015      1.168069420985053                     10
       441.000020946376       1.31963541424557                  0.015      1.201224399711407                     10
      442.0000209938735      1.252699333810598                  0.015      1.212631545282413                     10
      443.0000210413709      1.248179032193797                  0.015      1.145478912318337                     10
      444.0000210888684      1.218120164773648                  0.015      1.128489575495675                     10
      445.0000211363658      1.195061575168671                  0.015      1.213569323348222                     10
      446.0000211838633      1.131440150805535                  0.015      1.367078965044783                     10
      447.0000212313607      1.174707110379356                  0.015      1.198837205683522                     10
      448.0000212788582      1.081660516840943                  0.015      1.359006122007482                     10
      449.0000213263556      1.077483805806216                  0.015      1.255579732443286                     10
      450.0000213738531      1.116504702527787                  0.015      1.333775251712312                     10
      451.0000214213505      1.144171622098437                  0.015       1.27808523513344                     10
       452.000021468848      1.129647052685431                  0.015      1.207970272795289                     10
      453.0000215163454      1.283301801229032                  0.015      1.242415892047813                     10
      454.0000215638429      1.294421568010409                  0.015      1.225371154788915                     10
      455.0000216113403      1.339195110178192                  0.015      1.185505304201107                     10
      456.0000216588378       1.22087161311644                  0.015      1.050804340013134                     10
      457.0000217063352      1.189115868784793                  0.015      1.128727330338283                     10
      458.0000217538327      1.276574443335666                  0.015      1.120421276556689                     10
      459.0000218013301      1.178521468045469                  0.015      1.092431274014114                     10
      460.0000218488276      1.105044449007049                  0.015      1.306702612082941                     10
      461.0000218963251      1.132284522147238                  0.015      1.139416141137969                     10
      462.0000219438225      1.116482072002684                  0.015      1.135365016106573                     10
        463.00002199132      1.066030372255687                  0.015      1.161532272411904                     10
      464.0000220388174      1.100461872982076                  0.015      1.219170587728045                     10
      465.0000220863149      1.190340628203485                  0.015      1.044178873789173                     10
      466.0000221338123      1.329887034158235                  0.015      1.103170526616471                     10
      467.0000221813098      1.274148106918914                  0.015      1.067222364165514                     10
      468.0000222288072      1.428549207509153                  0.015      1.271829135124694                     10
      469.0000222763047      1.488179195034175                  0.015      1.390357052912605                     10
      470.0000223238021      1.418895081760592                  0.015      1.252958104488676                     10
      471.0000223712996       1.53201451636753                  0.015      1.446148438339623                     10
       472.000022418797       1.47204092010867                  0.015      1.387835578140529                     10
      473.0000224662945      1.537818963111621                  0.015      1.353579473793044                     10
      474.0000225137919      1.607171845509337                  0.015      1.523505293949005                     10
      475.0000225612894      1.573160444187522                  0.015      1.437879411326163                     10
      476.0000226087868      1.499268719319205                  0.015      1.320834222599647                     10
      477.0000226562843      1.523756585338095                  0.015       1.32555370168831                     10
      478.0000227037817      1.605091755366328                  0.015      1.425536064249675                     10
      479.0000227512792      1.653682861982461                  0.015      1.639400292481859                     10
      480.0000227987766      1.628369066177249                  0.015      1.457399792119358                     10
      481.0000228462741      1.731195309244185                  0.015      1.666666666666667                     10
      482.0000228937715      1.730243097383718                  0.015       1.55915242678928                     10
       483.000022941269      1.754414478686353                  0.015      1.605759251906045                     10
      484.0000229887664      1.832515771995175                  0.015      1.666666666666667                     10
      485.0000230362639      1.790328298372822                  0.015      1.658447271792836                     10
      486.0000230837613      1.712294217572672                  0.015      1.566451453490808                     10
      487.0000231312588      1.882113960427879                  0.015      1.666196965751188                     10
      488.0000231787562      1.983653835672603                  0.015      1.666666666666667                     10
      489.0000232262537      2.049465449021489                  0.015      1.666666666666667                     10
      490.0000232737511      2.070160237382133                  0.015      1.624221682383334                     10
      491.0000233212486      2.022812951162416                  0.015      1.639484561168569                     10
       492.000023368746      1.959294525856192                  0.015      1.637139851017854                     10
      493.0000234162435       1.89806427977084                  0.015      1.604594118901294                     10
      494.0000234637409      1.931004621647672                  0.015      1.638228048177656                     10
      495.0000235112384      1.969870121359455                  0.015      1.511965825026352                     10
      496.0000235587358      1.849966670615274                  0.015      1.599621770834472                     10
      497.0000236062333      1.815188799046159                  0.015      1.576704473247627                     10
      498.0000236537308      1.678638366463289                  0.015      1.629969462893115                     10
      499.0000237012282      1.672862128301325                  0.015      1.518370090796402                     10
      500.0000237487257      1.538825746401604                  0.015      1.233943936065427                     10
      501.0000237962231      1.494945458779648                  0.015      1.220987462051836                     10
      502.0000238437206      1.587681945281769                  0.015      1.378787651412337                     10
       503.000023891218      1.563507818612192                  0.015      1.283306981666297                     10
      504.0000239387155      1.525767818571859                  0.015      1.198158854990385                     10
      505.0000239862129      1.576111549046025                  0.015      1.255743268458376                     10
      506.0000240337104       1.62977638080187                  0.015      1.378707638314303                     10
      507.0000240812078      1.702693916438815                  0.015      1.507072727858864                     10
      508.0000241287053      1.808137434096166                  0.015      1.495061321734588                     10
      509.0000241762027      1.777168102941459                  0.015      1.544071721161504                     10
      510.0000242237002      1.681924422129776                  0.015      1.423286068978501                     10
      511.0000242711976      1.606984560235204                  0.015      1.256885087970356                     10
      512.0000243186951      1.697959408717088                  0.015      1.384115120250676                     10
      513.0000243661925      1.938216791571555                  0.015      1.520178395728503                     10
        514.00002441369      2.100650759733733                  0.015      1.652653228875102                     10
      515.0000244611874      2.161391765571311                  0.015      1.666666666666667                     10
      516.0000245086849      2.149005799498616                  0.015      1.588742289402472                     10
      517.0000245561823      2.136458590594395                  0.015      1.560976837439646                     10
      518.0000246036798      2.221635757316923                  0.015      1.666666666666667                     10
      519.0000246511772      2.186870198602206                  0.015      1.628517515930335                     10
      520.0000246986747      2.101823359967232                  0.015      1.541619008362844                     10
      521.0000247461721      2.051766477722054                  0.015      1.496790190520451                     10
      522.0000247936696      2.046179564983432                  0.015      1.421759827488813                     10
       523.000024841167      1.996265589308957                  0.015      1.543209115463135                     10
      524.0000248886645      2.033612833990733                  0.015       1.41410947104303                     10
      525.0000249361619      2.123699346066502                  0.015      1.502798083062474                     10
      526.0000249836594      2.072120417562167                  0.015      1.442221040970596                     10
      527.0000250311568      2.012877189779608                  0.015      1.464207472366363                     10
      528.0000250786543      2.072576141791595                  0.015      1.363782393241703                     10
      529.0000251261517      2.009167955469807                  0.015      1.389764541565132                     10
      530.0000251736492      2.030692435613538                  0.015      1.288313966126104                     10
      531.0000252211466      2.126033839038653                  0.015      1.412661741793988                     10
      532.0000252686441      2.162104447219805                  0.015      1.438997737640992                     10
      533.0000253161415      2.227269765069614                  0.015      1.563343406709689                     10
       534.000025363639      2.280396337223183                  0.015       1.66647106692145                     10
      535.0000254111364      2.456156309118584                  0.015      1.666666666666667                     10
      536.0000254586339      2.469604594464249                  0.015      1.593800330051333                     10
      537.0000255061314       2.60788953393919                  0.015      1.666666666666667                     10
      538.0000255536288      2.542987163752646                  0.015      1.666666666666667                     10
      539.0000256011263      2.701348028264493                  0.015      1.666666666666667                     10
      540.0000256486237      2.603958582126684                  0.015      1.562465723263931                     10
      541.0000256961212       2.63634252839384                  0.015      1.638329691005993                     10
      542.0000257436186      2.719395517682825                  0.015      1.613530646356298                     10
      543.0000257911161      2.731227578786267                  0.015      1.574980391539813                     10
      544.0000258386135      2.639825379535356                  0.015      1.547082682623653                     10
       545.000025886111      2.588511173243133                  0.015      1.558502411906447                     10
      546.0000259336084       2.62699778524692                  0.015      1.436819202827209                     10
      547.0000259811059      2.641848623206598                  0.015      1.411795167976226                     10
      548.0000260286033       2.77660055629758                  0.015      1.665583118530946                     10
      549.0000260761008      2.887431068664597                  0.015      1.666666666666667                     10
